Case #1:
73
425
386
878
277
774
206
407
194
406
714
536
28
114
451
367
44
382
184
215
309
297
297
47
214
743
119
43
61
871
39
12
660
342
233
254
397
444
498
232
47
892
265
196
125
281
329
194
396
188
360
328
158
171
91
987
543
327
30
717
284
153
62
286
1010
425
853
208
42
5
233
67
82
397
313
848
142
646
195
96
28
59
119
29
0
177
461
262
93
168
10
134
67
613
5
6
52
210
811
362
230
553
623
43
256
199
446
8
551
560
405
0
138
154
197
538
928
46
566
64
380
181
9
4
128
53
52
59
84
389
94
351
17
692
120
0
368
780
95
845
684
430
261
64
189
780
459
7
371
505
15
375
50
311
104
116
486
178
467
60
29
166
110
328
24
645
177
213
407
720
223
4
243
944
202
52
0
567
775
161
711
15
372
137
161
215
154
852
3
286
437
27
255
98
19
16
76
196
164
115
429
498
135
22
478
671
360
56
105
647
217
153
410
395
143
166
56
831
797
569
112
37
146
569
122
26
606
725
118
58
83
144
99
122
163
669
264
148
634
466
0
414
3
82
6
233
25
354
531
555
355
0
55
9
861
33
341
124
246
193
143
59
59
63
816
586
1044
102
221
27
807
636
108
645
1102
409
347
108
5
434
270
142
673
50
759
244
300
220
707
664
62
119
309
369
34
155
405
66
394
63
3
391
296
109
111
106
21
297
165
908
232
189
202
0
261
5
84
168
263
219
2
449
27
437
733
387
61
607
159
792
732
361
35
307
455
115
402
560
584
41
196
530
60
174
496
20
337
67
309
592
150
48
32
12
403
638
63
450
215
388
108
212
414
125
158
754
137
323
205
172
147
165
136
261
552
885
135
171
771
73
347
227
195
236
192
563
107
80
326
317
443
302
755
432
123
164
236
457
241
258
559
233
640
750
486
30
293
753
296
267
282
199
24
109
364
272
605
74
17
123
603
496
35
202
198
128
47
17
124
372
713
307
177
34
71
320
151
112
138
241
87
81
375
387
440
33
115
960
42
139
29
640
652
42
12
395
299
283
27
404
885
166
141
109
5
185
837
183
30
480
820
400
10
214
177
52
750
435
335
45
89
112
48
18
52
257
24
140
270
305
187
293
236
532
348
208
854
478
32
96
241
115
385
20
122
99
19
90
219
328
694
422
394
242
33
92
590
109
20
260
619
0
62
33
297
433
247
290
432
436
46
97
2
485
709
189
97
638
405
40
214
284
72
226
154
62
672
324
22
11
129
93
156
50
671
110
198
690
39
287
133
124
281
505
40
264
483
11
148
105
67
880
422
56
9
22
476
38
197
850
323
218
521
216
590
128
144
177
111
366
252
26
312
98
320
72
3
4
207
215
456
70
259
162
61
151
30
276
334
485
46
262
154
104
71
209
32
38
138
139
304
243
645
239
795
3
572
555
171
465
265
66
151
70
268
8
471
146
269
435
974
443
173
547
426
11
18
82
820
271
686
19
503
1
446
4
86
789
5
208
218
107
994
248
255
53
73
61
37
287
40
300
27
469
29
547
755
75
231
57
82
112
139
768
1053
408
162
749
46
14
139
482
103
958
43
23
283
578
5
781
435
549
1108
613
70
794
96
53
6
641
301
330
165
218
200
254
54
254
43
43
167
447
508
175
461
258
79
9
144
39
244
692
520
593
508
99
136
273
297
477
59
149
187
98
82
146
59
412
718
205
862
14
647
0
242
318
197
88
784
115
363
416
98
103
46
43
839
594
6
9
0
135
824
278
599
32
324
14
388
247
264
40
23
107
473
322
16
241
84
255
72
171
176
325
182
574
206
606
15
13
193
609
591
42
770
52
218
488
335
7
517
606
13
16
12
31
476
771
16
683
12
544
283
730
20
169
241
448
188
381
38
359
264
1
204
489
607
502
9
317
709
49
104
1
27
428
757
184
41
534
108
422
405
588
47
155
7
100
224
192
286
785
100
660
5
76
1076
216
45
5
370
75
291
244
37
162
142
85
832
624
453
688
610
789
257
10
20
378
531
441
837
8
393
3
193
205
120
672
432
86
347
179
163
67
675
161
0
717
469
241
88
513
123
122
14
353
499
252
63
735
14
1059
243
138
175
576
61
514
928
326
650
80
914
268
195
70
1
423
159
257
27
293
684
100
433
758
215
39
116
563
564
226
487
18
313
567
212
947
230
8
89
420
320
51
904
301
473
339
913
108
483
138
169
41
330
131
238
959
410
340
46
44
8
73
583
1
376
528
311
3
452
225
251
50
12
414
418
587
45
7
181
716
133
236
416
65
19
144
107
138
204
731
80
133
653
29
160
401
104
27
28
27
78
420
626
569
13
114
445
863
489
65
33
871
618
854
46
503
388
48
9
151
327
97
101
155
399
59
10
188
551
175
859
182
261
15
117
382
379
23
4
674
62
288
25
50
231
50
217
598
3
395
15
475
766
557
63
170
161
56
23
337
82
193
146
118
14
776
39
3
33
150
561
435
31
233
273
121
551
1
149
310
30
369
11
620
569
14
93
254
51
842
2
263
591
90
390
89
51
365
6
455
1016
49
8
272
211
628
66
641
168
1020
589
310
316
188
445
232
183
193
330
270
155
279
1001
643
374
114
537
49
155
600
562
319
98
331
45
828
66
809
134
327
88
181
194
376
557
53
17
277
1
353
180
41
853
56
1042
492
132
291
96
378
620
368
251
118
303
403
13
492
93
185
149
525
107
333
412
316
79
462
713
49
68
1
103
145
980
100
230
702
137
212
168
209
526
693
172
62
377
252
389
11
514
30
156
413
625
254
113
496
160
138
293
2
20
321
192
470
298
744
904
296
27
103
465
482
554
396
348
134
386
36
25
104
275
280
562
53
43
11
437
555
21
23
174
4
188
31
387
299
1057
309
141
22
27
468
149
52
560
667
341
522
34
6
350
1
358
380
85
237
369
274
5
14
923
4
42
111
1022
380
11
250
518
94
73
848
7
7
456
573
50
130
307
58
171
312
266
572
503
637
18
534
403
346
10
249
46
583
457
121
84
657
948
378
182
557
439
204
282
221
105
29
664
282
96
44
67
34
83
246
228
84
0
17
290
208
213
7
160
424
176
222
939
44
89
632
219
165
195
113
6
263
404
393
82
823
150
216
81
65
312
77
988
369
315
25
1
48
247
106
50
531
522
765
115
143
366
3
2
196
137
350
112
47
7
158
567
578
804
258
385
765
22
837
688
482
354
642
639
223
198
600
47
190
573
80
260
4
91
405
83
44
556
954
675
78
0
53
38
872
191
56
198
207
85
24
50
254
853
245
280
640
376
168
165
779
23
183
143
353
49
186
49
54
414
404
454
407
584
322
0
539
157
566
248
200
144
736
431
311
125
223
616
10
830
516
69
783
278
15
44
67
130
78
90
55
572
534
236
534
246
685
409
91
675
169
221
101
702
426
395
127
60
6
47
215
566
664
9
783
142
1044
846
262
199
814
388
562
198
63
965
270
385
518
93
762
232
82
482
14
124
474
14
158
398
461
303
71
0
388
363
692
189
727
44
171
365
494
89
142
18
20
259
101
358
6
361
299
76
446
482
797
96
26
13
474
561
273
52
700
63
391
222
198
2
84
549
37
277
1
941
302
59
161
8
608
391
35
676
183
443
264
153
231
717
233
400
12
36
44
368
547
25
517
43
152
576
95
547
466
790
167
757
443
19
3
373
0
694
1
240
354
89
737
7
53
295
343
718
72
249
388
429
783
414
283
139
4
542
647
169
82
4
779
681
219
2
445
84
117
0
552
106
41
541
217
268
327
376
162
532
126
441
683
638
722
163
472
974
574
13
119
3
132
437
271
59
77
598
428
68
593
271
249
321
359
576
168
359
81
741
9
140
505
242
442
592
32
107
368
253
762
31
27
21
842
24
61
60
242
103
294
20
254
86
361
229
153
362
703
90
329
410
596
722
85
759
3
136
918
187
159
52
655
399
448
52
302
337
9
28
0
163
317
148
347
301
275
95
332
2
12
267
769
231
668
170
65
127
778
142
675
23
394
41
33
73
143
584
7
20
488
541
701
673
136
152
8
315
385
999
32
797
33
3
74
161
355
398
583
687
624
0
90
241
166
801
634
514
259
199
515
310
862
30
208
275
17
591
564
23
503
226
443
477
1008
167
195
572
44
236
125
891
121
19
197
61
1120
985
565
613
74
424
318
115
276
428
335
167
262
530
328
11
641
640
279
88
21
14
163
130
283
13
19
142
70
0
14
133
16
33
56
110
131
4
156
226
174
20
280
225
516
130
113
202
47
112
19
21
63
313
284
157
91
459
159
339
172
798
651
30
275
153
44
191
279
7
118
84
2
8
54
67
638
308
242
184
20
122
7
278
147
105
325
272
146
38
153
383
715
194
380
311
412
246
116
435
177
412
237
2
334
481
227
354
263
23
31
137
45
354
106
576
1042
78
249
13
87
509
113
168
539
526
187
54
403
218
913
36
372
600
50
8
457
1
22
522
108
73
35
610
214
481
233
40
456
0
533
276
603
620
376
708
34
358
187
928
312
23
384
373
232
9
90
139
70
665
644
185
1
146
759
12
767
255
708
730
814
167
67
1123
253
14
57
246
791
687
351
298
177
159
100
101
15
113
737
35
72
11
167
290
731
594
169
47
627
200
615
931
466
26
544
105
178
227
142
783
108
1003
305
147
30
204
186
624
176
39
36
803
175
71
76
83
571
91
4
21
127
206
954
782
64
525
539
624
41
344
574
192
166
131
74
27
226
189
463
137
168
94
395
292
225
1
363
61
29
393
202
869
9
280
888
113
298
104
110
585
105
381
153
367
497
135
109
970
927
275
1057
30
250
251
766
223
511
72
52
194
84
178
272
515
202
208
49
56
544
345
232
335
571
462
274
146
266
550
573
25
327
880
336
379
113
217
387
784
668
131
705
31
251
435
185
175
620
331
360
384
95
224
524
314
727
850
369
354
462
3
56
0
271
19
324
581
285
331
1030
419
29
466
364
14
125
59
794
275
30
311
266
1
59
252
84
145
3
946
82
603
484
49
75
69
52
736
31
14
274
199
593
670
295
36
123
31
122
259
976
313
155
31
239
89
34
231
471
191
676
339
582
109
272
935
11
38
423
483
420
334
309
223
63
410
32
289
96
1013
535
25
279
95
363
266
412
16
189
22
477
199
213
175
164
55
645
235
82
64
72
206
91
689
36
23
0
99
584
189
1
174
432
79
386
658
223
877
196
62
53
496
118
102
18
1
62
1034
5
622
450
579
830
21
178
2
173
69
425
113
60
101
630
127
624
274
80
489
34
24
261
979
203
484
261
667
Case #2:
0
0
0
3
2
0
0
1
1
0
1
0
Case #3:
219
5
38
251
10
12
206
199
144
99
277
62
56
3
277
144
295
9
37
84
89
12
0
16
306
66
0
90
46
361
20
162
8
101
204
128
47
15
35
204
132
25
60
39
45
130
303
62
38
29
326
6
0
116
58
110
124
155
358
32
67
3
111
299
140
50
91
92
217
154
80
1
5
230
117
20
37
81
0
1
9
71
98
158
87
211
29
91
296
66
191
75
99
239
28
82
69
136
273
88
76
134
150
31
358
0
26
28
193
147
74
64
2
4
88
46
156
1
46
211
150
42
116
13
122
323
4
154
91
107
100
64
93
100
124
275
2
34
15
337
172
183
216
58
107
199
71
223
123
79
9
21
2
157
13
25
252
126
285
19
301
104
29
13
243
5
31
77
12
262
377
4
359
34
99
0
28
96
38
313
183
226
41
204
93
57
123
23
38
6
0
47
170
31
6
13
52
196
133
35
121
25
182
441
64
143
4
9
279
346
47
0
60
172
161
195
18
3
9
66
304
297
118
12
1
29
105
205
57
88
40
232
285
63
76
36
330
9
102
46
38
5
331
112
219
58
42
294
79
98
68
44
352
2
59
213
347
340
68
5
104
125
207
118
20
120
221
78
205
30
91
57
13
25
32
6
51
207
71
186
275
98
9
0
122
247
328
295
1
262
4
15
75
58
165
73
82
16
222
12
143
415
144
53
216
172
107
51
38
106
3
40
358
270
411
429
267
166
228
228
47
32
65
20
161
83
27
140
108
314
254
37
80
2
257
110
162
55
11
325
207
191
26
29
268
144
177
27
44
77
97
99
5
0
23
11
48
233
74
24
100
227
5
21
128
203
133
82
4
92
158
70
11
202
160
168
133
49
3
196
29
182
31
58
11
199
269
1
101
35
346
43
0
195
6
176
424
162
17
233
22
8
240
280
216
122
211
182
17
5
37
94
162
2
80
222
43
2
360
22
32
38
45
102
333
21
31
94
11
33
84
25
141
23
220
173
24
123
155
11
174
109
263
101
9
265
62
34
47
68
194
28
35
168
28
1
246
24
89
153
13
70
262
51
39
0
40
220
22
24
321
252
16
9
47
52
35
125
211
118
0
337
9
34
56
294
10
26
187
147
19
43
44
20
17
98
14
21
37
216
200
168
37
14
87
3
261
42
2
248
37
97
90
241
35
38
226
20
262
70
81
13
126
227
11
136
44
25
7
34
27
390
83
42
112
90
22
80
154
13
12
158
286
105
330
41
26
165
30
31
111
161
19
78
362
259
64
46
19
97
111
197
53
10
6
86
118
340
114
71
12
213
213
149
4
88
92
64
19
123
145
176
0
110
0
92
124
86
71
179
214
132
241
99
287
80
164
84
8
0
198
165
37
277
25
27
36
60
38
46
4
110
263
10
365
203
153
175
5
80
102
87
114
52
81
170
5
42
134
166
60
45
129
22
0
198
37
205
10
145
134
253
72
19
83
32
175
13
273
266
50
12
32
22
176
119
35
11
104
241
219
43
51
19
166
73
372
385
2
20
53
178
60
162
129
30
8
15
73
89
3
92
234
72
122
411
211
89
118
129
59
49
69
3
135
108
71
0
162
124
221
83
270
36
12
3
48
146
266
242
193
17
182
34
352
0
372
417
47
87
176
10
8
89
137
236
259
1
88
8
50
324
165
95
242
19
55
99
333
228
181
76
158
335
152
11
293
218
41
1
104
34
31
83
217
322
129
185
78
267
11
16
67
23
221
80
49
248
150
265
193
0
117
44
126
9
107
59
7
47
4
27
62
274
75
18
14
147
14
400
0
0
10
295
10
10
253
69
428
414
68
184
26
14
289
0
265
64
140
219
406
6
321
89
122
95
15
50
96
262
222
64
96
256
137
316
85
85
169
5
229
55
45
182
350
39
160
101
3
100
126
38
18
49
33
154
77
8
175
315
37
7
368
249
69
29
162
27
34
102
7
13
65
226
65
114
96
1
126
136
77
8
216
158
30
30
332
314
161
6
108
173
125
8
201
345
105
34
183
209
57
143
18
233
26
56
73
115
77
8
149
15
154
49
30
108
60
36
282
204
59
258
8
258
279
77
240
75
173
155
77
209
137
98
343
43
50
Case #4:
96
66
226
445
18
165
56
17
3
33
385
374
110
1392
4
13
1047
441
338
323
94
27
146
362
1370
89
110
498
128
57
153
1052
381
67
161
8
778
181
35
802
282
829
29
289
115
458
298
177
42
558
367
15
1108
605
440
82
573
328
1114
6
211
504
296
54
261
13
1047
599
102
121
285
143
177
29
200
797
55
771
236
920
38
1000
30
4
314
224
62
30
268
49
12
20
403
1
95
847
326
448
621
1286
87
1037
1362
414
545
444
175
437
1073
423
1
784
847
216
19
472
177
225
165
605
658
506
89
285
762
838
210
104
573
66
1182
648
357
265
453
1157
639
188
82
573
711
192
635
528
125
91
1245
666
655
36
104
1175
346
1163
41
401
264
147
369
427
643
426
272
15
440
857
133
144
571
194
16
265
1323
649
980
1007
1262
4
426
877
294
392
322
330
163
892
194
277
1091
36
175
4
456
16
170
211
223
36
1163
794
294
584
8
531
139
636
70
459
499
1083
788
195
87
58
198
599
718
761
113
132
133
5
58
153
408
26
1339
89
38
341
1166
240
485
264
243
377
432
615
565
701
114
518
449
107
886
7
815
218
595
164
88
764
843
505
102
235
1121
45
50
491
401
601
360
138
555
0
711
72
213
98
603
182
821
304
36
158
1
279
684
37
453
337
316
104
989
1221
644
345
219
408
1171
547
579
23
352
4
22
208
46
1050
873
161
51
0
229
373
189
887
1140
85
79
298
38
114
213
1046
1003
247
586
306
790
804
48
725
25
220
159
282
263
127
1433
195
342
428
929
25
189
0
300
2
746
500
18
54
1277
544
596
370
1204
192
582
543
45
158
163
380
91
40
8
317
37
609
656
215
18
1136
132
894
212
454
1086
475
219
295
329
9
166
335
857
254
438
791
635
106
341
568
297
365
120
301
77
731
600
821
88
76
178
806
173
426
605
294
354
25
132
128
142
19
91
221
296
972
777
623
0
589
179
133
254
391
421
330
695
160
907
890
221
581
609
646
271
166
3
17
263
777
39
24
256
169
92
67
1397
1181
150
23
389
1009
1014
21
258
402
182
324
271
277
157
777
176
1183
7
29
6
430
274
41
230
1197
126
50
5
256
73
338
194
291
729
138
425
72
46
210
832
78
368
170
20
151
106
287
1370
160
301
256
193
195
735
6
251
3
454
24
39
125
835
471
30
549
316
21
460
718
272
45
69
92
142
103
202
46
396
301
296
443
185
11
343
716
207
65
261
645
0
542
1329
128
699
28
46
27
95
40
73
99
22
380
799
56
409
826
3
211
480
561
210
19
799
1297
210
507
285
347
137
240
238
288
584
918
347
175
687
145
387
438
205
10
35
535
375
777
1075
83
114
43
842
891
784
82
878
216
139
11
246
37
489
245
236
470
59
8
888
135
424
651
79
0
215
160
798
219
28
125
826
41
98
499
257
281
180
192
55
56
363
728
10
403
998
84
1131
156
172
166
761
488
303
33
43
288
898
230
959
405
55
88
130
12
482
1249
320
279
7
404
148
785
1009
706
511
431
103
47
613
620
237
283
62
83
205
232
19
17
99
32
291
443
282
586
309
211
4
42
72
26
649
291
710
259
172
701
933
610
192
24
1003
71
184
943
5
4
728
77
693
861
20
391
30
10
932
146
77
851
472
68
1098
113
286
384
578
140
203
38
115
3
42
1
109
29
649
275
712
673
395
104
1096
229
168
171
529
23
203
96
1093
157
244
47
459
697
281
65
360
530
173
291
39
543
231
149
678
15
892
708
881
913
215
87
22
981
118
293
513
67
18
243
121
1107
581
152
6
399
360
5
306
405
368
1157
584
164
125
108
463
532
445
3
748
965
457
697
825
310
298
647
0
37
100
18
184
843
60
526
443
215
88
37
678
26
153
47
6
433
2
450
80
366
438
67
174
180
703
81
276
46
8
402
266
723
8
258
528
101
94
498
77
388
302
46
448
250
144
113
562
193
725
153
244
189
1081
639
185
82
327
945
461
122
76
742
319
1287
215
312
1287
213
1046
690
30
90
43
621
475
187
1026
984
42
804
188
22
436
1083
167
4
809
49
29
474
54
9
1
435
169
1023
171
475
2
76
260
537
9
11
979
810
212
398
235
250
20
877
571
744
10
1012
93
145
616
33
248
536
612
212
200
155
544
291
87
6
933
720
230
531
248
56
44
243
187
582
1057
917
675
22
538
352
206
9
965
841
461
1259
383
455
182
566
30
292
191
449
571
617
28
351
641
309
834
578
559
817
96
69
223
705
127
618
618
335
116
282
10
584
355
525
487
587
0
237
67
264
1137
87
32
683
604
105
588
630
397
450
453
220
76
116
888
109
27
321
993
335
413
205
246
73
66
1048
461
1102
510
506
18
584
876
216
21
44
72
1252
515
748
33
66
52
1367
62
236
15
1205
110
1283
551
372
197
884
104
82
102
968
600
350
431
28
168
954
184
435
195
685
96
81
381
212
332
232
262
763
421
820
1298
116
22
664
273
125
362
158
243
304
228
935
476
101
57
603
250
7
116
299
48
712
141
787
889
542
195
136
48
342
886
29
416
723
34
551
19
655
118
171
312
642
81
325
408
492
1213
86
59
1162
563
301
57
326
1
293
335
352
241
902
398
280
586
531
47
225
568
309
232
547
260
766
992
154
253
477
502
68
340
305
133
61
38
249
225
720
15
87
100
44
623
100
61
789
389
103
87
264
541
901
190
34
63
350
238
86
333
701
56
145
525
1405
25
202
193
221
273
59
141
460
786
273
912
80
310
2
83
415
15
663
41
413
179
127
48
841
10
696
91
57
917
246
460
118
642
302
86
126
566
49
224
270
212
257
314
407
900
440
1
56
331
372
331
1221
88
143
419
49
120
244
204
904
87
543
423
168
665
673
96
284
54
324
854
96
18
1078
993
583
86
166
521
899
58
973
297
501
21
874
484
410
296
1234
1059
389
75
426
1
771
578
547
31
137
607
447
127
202
716
522
395
230
1217
195
52
261
436
338
541
1281
1238
141
8
1005
13
904
678
190
761
548
0
378
53
159
555
237
506
433
206
272
745
721
112
1014
565
316
808
316
344
786
501
1193
140
191
60
85
5
507
1
227
139
218
706
92
1129
588
278
378
8
31
275
383
103
800
153
516
23
280
52
157
685
262
126
720
782
509
966
429
95
1106
830
354
534
340
48
126
414
7
486
217
468
351
1057
8
68
348
25
101
562
430
68
41
793
101
8
856
6
766
507
503
140
492
315
147
23
36
76
22
139
585
742
513
400
655
484
177
256
597
265
598
458
192
198
366
941
37
755
728
67
608
613
150
229
471
408
364
445
107
129
743
115
78
455
182
9
53
557
972
11
299
823
108
939
1019
166
1147
264
124
36
24
34
181
99
41
124
292
236
214
105
207
1218
555
16
822
423
352
39
59
148
45
321
374
106
314
241
276
477
639
929
502
607
456
620
359
288
64
682
134
689
506
2
38
1189
281
635
146
559
656
638
78
112
114
244
228
114
183
204
154
200
273
548
249
705
71
652
212
120
57
760
276
92
196
172
629
480
324
151
209
23
24
431
366
20
397
314
47
40
311
8
468
21
492
48
286
1143
772
151
284
409
18
164
447
112
136
418
616
69
811
27
71
95
107
916
375
3
355
41
1194
324
270
711
332
2
529
842
192
532
15
33
363
754
62
942
124
12
358
120
397
1
119
253
442
300
562
871
546
295
115
796
272
39
489
129
341
576
977
27
50
122
470
54
89
1061
20
273
446
11
412
37
591
708
55
31
540
16
17
1049
64
354
587
731
237
96
443
787
567
88
283
381
0
180
27
200
1020
175
1314
437
588
171
10
44
41
17
243
463
738
796
462
787
188
5
107
474
18
19
537
866
0
0
30
261
72
522
540
167
671
46
455
92
1074
13
42
600
463
405
38
658
418
36
1070
124
833
147
348
478
34
151
235
133
128
328
57
38
529
46
725
502
2
529
398
928
134
22
479
1284
1148
1020
289
183
4
511
0
651
48
91
129
560
100
58
349
42
252
867
361
1008
242
320
0
310
483
1120
267
381
2
112
8
1007
783
20
41
470
566
251
474
130
523
194
247
474
90
44
908
1154
24
48
318
1174
443
883
202
285
374
93
1354
66
24
110
374
12
496
1
713
463
279
53
98
245
441
481
17
882
949
315
847
268
188
193
948
799
36
507
49
373
28
199
1046
730
344
930
52
4
709
665
925
168
1296
853
1065
631
185
115
170
28
914
229
1310
66
243
232
174
107
657
632
115
380
4
412
280
445
843
244
69
155
215
841
891
795
348
332
104
406
32
38
143
46
251
16
68
11
22
531
256
90
936
391
819
332
189
492
74
401
330
361
16
292
280
161
53
218
78
497
999
57
8
827
109
856
140
885
1009
26
342
268
830
318
119
135
52
118
559
37
1212
969
174
703
371
141
133
82
10
905
556
0
275
279
192
5
268
526
368
133
246
275
825
375
285
300
2
291
4
155
56
629
458
199
319
748
274
163
295
606
398
64
536
238
553
695
11
171
492
233
679
371
709
487
445
34
1302
51
67
671
729
205
196
875
951
10
476
123
19
163
540
1019
322
225
244
332
497
295
384
89
94
37
607
26
256
593
166
841
92
470
100
545
354
1
337
210
710
1221
187
183
1129
27
772
585
537
221
235
428
457
551
451
20
13
160
289
1120
244
78
204
517
278
305
378
436
398
418
137
599
210
264
275
731
68
995
620
326
68
508
194
594
34
465
725
18
625
139
134
51
358
293
247
265
116
676
12
536
15
488
251
796
122
9
331
26
366
6
598
134
922
834
899
468
194
28
757
0
22
246
43
1
67
97
112
974
176
437
1027
154
868
84
876
190
612
170
177
395
423
33
48
423
34
287
701
381
1
121
34
308
359
42
762
62
50
698
8
228
657
14
119
234
426
1173
259
1337
183
15
116
830
111
1260
346
140
285
116
112
835
506
201
1245
879
31
308
460
318
52
187
989
1418
0
877
89
1058
7
218
29
609
103
385
230
585
919
47
450
32
148
40
288
436
755
1280
160
541
1334
874
247
478
69
137
940
14
218
945
17
184
537
0
35
90
13
335
107
43
309
959
1032
155
1068
553
493
119
731
320
63
146
120
21
656
420
397
755
93
134
243
97
731
55
1058
978
129
668
13
120
360
339
231
456
267
27
337
1151
572
76
175
999
253
349
963
14
351
25
56
31
337
273
827
796
205
124
92
7
167
245
505
31
358
1011
52
20
326
926
79
432
1305
466
56
147
110
403
74
818
100
77
516
112
864
669
1165
329
1178
851
19
246
45
568
886
179
415
41
987
148
725
89
316
370
48
69
860
415
371
202
310
76
442
923
49
80
108
25
25
615
7
312
902
241
832
664
1269
688
122
71
817
184
2
120
81
14
882
807
977
897
563
361
12
443
1010
391
424
244
109
451
599
520
1188
712
654
1143
123
1
626
512
246
311
133
536
4
830
440
520
1081
1131
378
132
773
11
1245
56
45
178
469
184
267
376
768
680
11
386
219
835
503
319
264
988
153
499
369
693
538
892
35
7
519
22
630
48
6
60
314
41
75
124
91
394
612
562
305
172
44
89
438
582
30
47
1283
161
94
97
2
157
624
223
101
280
36
957
1142
839
897
975
757
446
640
534
585
233
339
1
5
31
0
463
294
93
142
29
439
579
979
53
416
524
866
25
53
491
537
130
168
1110
14
536
421
44
39
1
241
308
951
48
13
71
19
612
166
200
304
126
197
318
1315
249
50
926
1145
41
853
166
18
867
181
568
102
5
86
117
640
809
329
275
927
528
686
586
61
312
168
335
726
969
319
48
328
7
340
496
13
2
39
32
126
334
49
296
120
364
90
507
254
91
21
38
426
305
979
31
300
15
626
16
84
62
315
91
482
547
699
433
448
397
47
1014
244
685
327
1323
174
81
150
1004
267
455
861
27
1043
195
55
475
538
136
495
354
146
1022
158
518
552
393
35
49
67
77
517
158
1203
41
396
200
498
315
316
196
860
362
23
721
611
383
164
7
768
498
176
796
59
934
449
635
427
432
31
113
1307
153
212
69
112
683
664
921
261
43
151
319
53
716
1124
274
366
294
1083
288
425
141
885
321
914
288
562
88
979
563
500
983
28
958
597
80
1389
183
760
736
58
125
763
650
43
295
92
9
997
44
301
43
130
1156
251
218
156
281
30
153
53
1000
249
299
152
625
602
64
168
338
24
95
246
1127
107
166
658
266
417
335
867
289
359
65
306
66
187
256
28
265
576
164
346
514
67
272
971
559
697
864
56
574
96
654
174
46
437
762
631
221
338
63
227
115
859
996
64
789
559
862
365
227
8
529
228
338
71
649
894
1269
406
53
294
654
502
0
196
8
63
436
54
230
50
28
550
3
613
367
974
264
571
94
1037
306
529
291
166
600
861
558
207
75
650
1090
967
490
108
150
610
1118
609
15
191
442
374
444
1159
226
278
231
589
317
84
17
819
82
740
9
305
129
133
461
262
454
822
418
168
1106
169
634
72
747
74
322
1113
163
167
0
321
894
80
183
654
71
10
47
577
739
126
753
84
49
102
1007
158
44
177
439
428
150
53
836
215
155
474
679
832
16
50
14
154
191
553
569
71
281
838
212
33
183
353
443
169
41
507
666
129
377
195
234
1
1079
283
83
598
34
311
435
528
65
212
85
292
142
544
264
517
590
571
226
1057
203
75
59
1357
480
971
729
199
44
457
371
775
420
217
704
919
1189
303
209
188
15
375
399
858
80
571
46
694
793
865
117
697
151
91
135
829
425
332
677
885
324
165
17
458
262
1041
574
212
277
721
606
1201
0
718
402
121
12
4
641
122
72
235
403
3
8
905
80
1146
42
387
91
864
131
70
187
145
51
105
392
1126
404
196
713
3
97
185
157
180
108
422
150
98
775
110
389
159
1105
865
158
103
Case #5:
0
0
0
0
0
0
0
0
0
0
0
0
0
0
0
0
0
0
0
0
0
0
0
0
0
0
0
0
0
0
0
0
0
0
0
0
0
0
0
0
0
0
0
0
0
0
0
0
0
0
0
0
0
0
0
0
0
0
0
0
0
0
0
0
0
0
0
0
0
0
0
0
0
0
0
0
0
0
0
0
0
0
0
0
0
0
0
0
0
0
0
0
0
0
0
0
0
0
0
0
0
0
0
0
0
0
0
0
0
0
0
0
0
0
0
0
0
0
0
0
0
0
0
0
0
0
0
0
0
0
0
0
0
0
0
0
0
0
0
0
0
0
0
0
0
0
0
0
0
0
0
0
0
0
0
0
0
0
0
0
0
0
0
0
0
0
0
0
0
0
0
0
0
0
0
0
0
0
0
0
0
0
0
0
0
0
0
0
0
0
0
0
0
0
0
0
0
0
0
0
0
0
0
0
0
0
0
0
0
0
0
0
0
0
0
0
0
0
0
0
0
0
0
0
0
0
0
0
0
0
0
0
0
0
0
0
0
0
0
0
0
0
0
0
0
0
0
0
0
0
0
0
0
0
0
0
0
0
0
0
0
0
0
0
0
0
0
0
0
0
0
0
0
0
0
0
0
0
0
0
0
0
0
0
0
0
0
0
0
0
0
0
0
0
0
0
0
0
0
0
0
0
0
0
0
0
0
0
0
0
0
0
0
0
0
0
0
0
0
0
0
0
0
0
0
0
0
0
0
0
0
0
0
0
0
0
0
0
0
0
0
0
0
0
0
0
0
0
0
0
0
0
0
0
0
0
0
0
0
0
0
0
0
0
0
0
0
0
0
0
0
0
0
0
0
0
0
0
0
0
0
0
0
0
0
0
0
0
0
0
0
0
0
0
0
0
0
0
0
0
0
0
0
0
0
0
0
0
0
0
0
0
0
0
0
0
0
0
0
0
0
0
0
0
0
0
0
0
0
0
0
0
0
0
0
0
0
0
0
0
0
0
0
0
0
0
0
0
0
0
0
0
0
0
0
0
0
0
0
0
0
0
0
0
0
0
0
0
0
0
0
0
0
0
0
0
0
0
0
0
0
0
0
0
0
0
0
0
0
0
0
0
0
0
0
0
0
0
0
0
0
0
0
0
0
0
0
0
0
0
0
0
0
0
0
0
0
0
0
0
0
0
0
0
0
0
0
0
0
0
0
0
0
0
0
0
0
0
0
0
0
0
0
0
0
0
0
0
0
0
0
0
0
0
0
0
0
0
0
0
0
0
0
0
0
0
0
0
0
0
0
0
0
0
0
0
0
0
0
0
0
0
0
0
0
0
0
0
0
0
0
0
0
0
0
0
0
0
0
0
0
0
0
0
0
0
0
0
0
0
0
0
0
0
0
0
0
0
0
0
0
0
0
0
0
0
0
0
0
0
0
0
0
0
0
0
0
0
0
0
0
0
0
0
0
0
0
0
0
0
0
0
0
0
0
0
0
0
0
0
0
0
0
0
0
0
0
0
0
0
0
0
0
0
0
0
0
0
0
0
0
0
0
0
0
0
0
0
0
0
0
0
0
0
0
0
0
0
0
0
0
0
0
0
0
0
0
0
0
0
0
0
0
0
0
0
0
0
0
0
0
0
0
0
0
0
0
0
0
0
0
0
0
0
0
0
0
0
0
0
0
0
0
0
0
0
0
0
0
0
0
0
0
0
0
0
0
0
0
0
0
0
0
0
0
0
0
0
0
0
0
0
0
0
0
0
0
0
0
0
0
0
0
0
0
0
0
0
0
0
0
0
0
0
0
0
0
0
0
0
0
0
0
0
0
0
0
0
0
0
0
0
0
0
0
0
0
0
0
0
0
0
0
0
0
0
0
0
0
0
0
0
0
0
0
0
0
0
0
0
0
0
0
0
0
0
0
0
0
0
0
0
0
0
0
0
0
0
0
0
0
0
0
0
0
0
0
0
0
0
0
0
0
0
0
0
0
0
0
0
0
0
0
0
0
0
0
0
0
0
0
0
0
0
0
0
0
0
0
0
0
0
0
0
0
0
0
0
0
0
0
0
0
0
0
0
0
0
0
0
0
0
0
0
0
0
0
0
0
0
0
0
0
0
0
0
0
0
0
0
0
0
0
0
0
0
0
0
0
0
0
0
0
0
0
0
0
0
0
0
0
0
0
0
0
0
0
0
0
0
0
0
0
0
0
0
0
0
0
0
0
0
0
0
0
0
0
0
0
0
0
0
0
0
0
0
0
0
0
0
0
0
0
0
0
0
0
0
0
0
0
0
0
0
0
0
0
0
0
0
0
0
0
0
0
0
0
0
0
0
0
0
0
0
0
0
0
0
0
0
0
0
0
0
0
0
0
0
0
0
0
0
0
0
0
0
0
0
0
0
0
0
0
0
0
0
0
0
0
0
0
0
0
0
0
0
0
0
0
0
0
0
0
0
0
0
0
0
0
0
0
0
0
0
0
0
0
0
0
0
0
0
0
0
0
0
0
0
0
0
0
0
0
0
0
0
0
0
0
0
0
0
0
0
0
0
0
0
0
0
0
0
0
0
0
0
0
0
0
0
0
0
0
0
0
0
0
0
0
0
0
0
0
0
0
0
0
0
0
0
0
0
0
0
0
0
0
0
0
0
0
0
0
0
0
0
0
0
0
0
0
0
0
0
0
0
0
0
0
0
0
0
0
0
0
0
0
0
0
0
0
0
0
0
0
0
0
0
0
0
0
0
0
0
0
0
0
0
0
0
0
0
0
0
0
0
0
0
0
0
0
0
0
0
0
0
0
0
0
0
0
0
0
0
0
0
0
0
0
0
0
0
0
0
0
0
0
0
0
0
0
0
0
0
0
0
0
0
0
0
0
0
0
0
0
0
0
0
0
0
0
0
0
0
0
0
0
0
0
0
0
0
0
0
0
0
0
0
0
0
0
0
0
0
0
0
0
0
0
0
0
0
0
0
0
0
0
0
0
0
0
0
0
0
0
0
0
0
0
0
0
0
0
0
0
0
0
0
0
0
0
0
0
0
0
0
0
0
0
0
0
0
0
0
0
0
0
0
0
0
0
0
0
0
0
0
0
0
0
0
0
0
0
0
0
0
0
0
0
0
0
0
0
0
0
0
0
0
0
0
0
0
0
0
0
0
0
0
0
0
0
0
0
0
0
0
0
0
0
0
0
0
0
0
0
0
0
0
0
0
0
0
0
0
0
0
0
0
0
0
0
0
0
0
0
0
0
0
0
0
0
0
0
0
0
0
0
0
0
0
0
0
0
0
0
0
0
0
0
0
0
0
0
0
0
0
0
0
0
0
0
0
0
0
0
0
0
0
0
0
0
0
0
0
0
0
0
0
0
0
388
528
151
792
70
639
309
411
45
632
562
250
586
93
14
72
66
822
132
32
108
148
483
426
524
555
472
635
682
181
190
54
886
492
305
38
308
646
157
696
448
498
118
2
254
451
371
15
595
153
229
218
84
103
3
42
186
9
79
273
434
120
374
753
608
141
156
875
590
873
14
529
128
164
296
86
238
416
246
10
72
109
34
240
527
27
153
532
323
103
342
50
137
19
95
12
623
908
931
1016
260
1
396
50
481
27
95
48
769
93
21
358
285
360
110
221
8
787
213
890
28
212
220
227
880
597
742
152
908
21
3
7
639
537
40
778
117
239
51
0
173
27
118
225
776
113
94
18
3
26
8
748
74
581
71
196
804
676
134
106
673
568
263
239
718
720
52
2
9
204
396
570
217
264
81
301
326
538
178
602
925
291
530
136
324
0
195
466
247
126
211
300
203
117
22
45
107
73
668
120
24
33
527
725
107
180
786
696
55
5
919
240
52
109
289
80
152
25
390
525
229
448
370
53
27
290
328
56
101
457
276
258
28
199
498
76
138
351
48
562
576
27
27
232
177
53
675
720
24
606
17
126
625
852
0
76
41
626
175
53
345
201
893
134
45
816
506
653
665
36
130
628
793
148
141
93
219
78
74
276
37
119
514
91
868
765
25
618
23
46
85
588
517
33
362
211
27
13
433
101
63
158
21
665
504
331
76
365
320
18
297
58
143
653
200
573
874
205
819
133
17
406
15
107
264
196
44
783
232
4
449
385
126
224
211
563
434
52
429
153
769
250
955
119
341
100
10
367
88
350
287
436
45
63
956
117
319
43
348
151
110
824
181
293
430
42
21
708
142
23
11
943
10
570
16
538
226
15
37
95
231
371
207
770
400
1
37
31
55
103
164
47
699
717
688
676
35
132
180
229
320
911
171
419
852
41
29
128
348
289
193
263
274
192
37
545
712
231
85
868
274
762
660
4
70
834
455
532
481
682
18
113
18
118
246
7
370
129
134
659
194
7
422
260
43
96
13
447
333
402
886
138
441
0
3
93
742
208
9
44
31
286
843
353
327
159
881
654
387
35
506
840
93
430
313
332
243
448
121
83
390
77
809
285
590
622
474
405
88
768
9
138
141
103
26
857
135
112
7
855
191
284
471
588
582
38
33
741
268
114
186
475
182
647
149
763
271
111
79
83
644
99
485
651
32
501
166
77
20
550
162
43
5
114
992
362
538
32
731
470
448
659
358
41
159
30
674
149
229
641
102
246
532
28
892
1
330
217
2
397
95
68
756
321
478
641
576
354
239
9
695
698
29
223
149
303
182
69
129
890
288
20
497
304
35
94
381
6
166
39
185
191
2
202
914
289
231
196
284
166
114
4
237
375
412
726
489
130
43
138
292
865
102
57
135
318
785
427
455
218
323
250
791
305
151
401
108
841
51
502
138
135
233
699
0
1024
291
164
853
222
14
16
414
588
683
669
94
318
639
909
689
243
237
562
607
318
19
851
230
747
519
60
656
22
524
814
514
92
309
103
97
148
865
84
125
174
2
15
143
81
219
1010
356
144
162
344
585
382
19
644
108
684
59
78
28
496
596
19
407
372
85
144
215
39
549
92
527
0
708
471
25
34
237
32
429
814
266
709
27
19
18
30
23
133
26
441
493
630
100
29
392
503
9
154
471
638
100
474
403
5
67
12
267
176
366
74
617
801
544
461
11
51
59
745
86
43
11
572
95
24
706
62
283
49
174
9
921
584
7
589
195
390
171
12
517
219
278
85
101
246
253
983
744
310
336
699
119
1
190
97
773
2
669
35
230
268
571
247
149
294
890
875
3
12
602
295
934
16
683
83
72
313
445
428
163
40
81
298
326
58
179
979
367
208
356
704
21
15
444
117
58
335
299
38
389
105
96
704
236
319
5
82
508
191
13
73
187
515
460
133
736
337
74
382
44
398
114
581
135
921
336
923
151
59
490
747
549
156
22
205
57
53
188
312
201
677
635
384
160
8
92
545
53
568
551
61
4
136
191
245
47
3
529
553
224
80
290
519
133
29
119
46
80
66
512
738
193
219
405
87
240
244
12
530
184
505
586
76
525
184
149
98
124
883
46
81
70
157
10
121
784
63
198
989
271
55
519
71
371
96
7
59
577
610
506
483
545
35
567
101
2
614
87
382
125
50
249
23
588
334
227
234
326
584
56
253
890
324
775
428
697
157
252
618
685
273
895
116
97
953
763
723
868
111
120
102
81
523
700
561
121
552
532
585
348
154
965
210
730
50
661
177
237
4
498
148
38
145
33
306
834
287
629
208
279
433
761
241
669
381
199
6
59
67
811
565
753
446
179
59
423
388
629
279
167
165
127
1
597
376
333
929
132
329
311
260
18
286
322
582
30
264
314
215
79
111
614
9
186
415
32
57
62
46
536
223
765
806
113
569
323
165
299
856
798
119
61
352
219
376
119
382
33
200
255
266
642
536
957
221
727
175
317
808
592
25
694
284
220
308
669
51
541
4
337
18
165
231
584
543
42
106
10
128
405
633
11
260
95
1
101
515
0
25
195
434
476
953
375
557
397
16
119
95
555
83
779
709
863
6
346
66
210
9
808
495
Case #6:
0
0
0
0
0
0
0
0
0
0
0
0
0
0
0
0
0
0
0
0
0
0
0
0
0
0
0
0
0
0
0
0
0
0
0
0
0
0
0
0
0
0
0
0
0
0
0
0
0
0
0
0
0
0
0
0
0
0
0
0
0
0
0
0
0
0
0
0
0
0
0
0
0
0
0
0
0
0
0
0
0
0
0
0
0
0
0
0
0
0
0
0
0
0
0
0
0
0
0
0
0
0
0
0
0
0
0
0
0
0
0
0
0
0
0
0
0
0
0
0
0
0
0
0
0
0
0
0
0
0
0
0
0
0
0
0
0
0
0
0
0
0
0
0
0
0
0
0
0
0
0
0
0
0
0
0
0
0
0
0
0
0
0
0
0
0
0
0
0
0
0
0
0
0
0
0
0
0
0
0
0
0
0
0
0
0
0
0
0
0
0
0
0
0
0
0
0
0
0
0
0
0
0
0
0
0
0
0
0
0
0
0
0
0
0
0
0
0
0
0
0
0
0
0
0
0
0
0
0
0
0
0
0
0
0
0
0
0
0
0
0
0
0
0
0
0
0
0
0
0
0
0
0
0
0
0
0
0
0
0
0
0
0
0
0
0
0
0
0
0
0
0
0
0
0
0
0
0
0
0
0
0
0
0
0
0
0
0
0
0
0
0
0
0
0
0
0
0
0
0
0
0
0
0
0
0
0
0
0
0
0
0
0
0
0
0
0
0
0
0
0
0
0
0
0
0
0
0
0
0
0
0
0
0
0
0
0
0
0
0
0
0
0
0
0
0
0
0
0
0
0
0
0
0
0
0
0
0
0
0
0
0
0
0
0
0
0
0
0
0
0
0
0
0
0
0
0
0
0
0
0
0
0
0
0
0
0
0
0
0
0
0
0
0
0
0
0
0
0
0
0
0
0
0
0
0
0
0
0
0
0
0
0
0
0
0
0
0
0
0
0
0
0
0
0
0
0
0
0
0
0
0
0
0
0
0
0
0
0
0
0
0
0
0
0
0
0
0
0
0
0
0
0
0
0
0
0
0
0
0
0
0
0
0
0
0
0
0
0
0
0
0
0
0
0
0
0
0
0
0
0
0
0
0
0
0
0
0
0
0
0
0
0
0
0
0
0
0
0
0
0
0
0
0
0
0
0
0
0
0
0
0
0
0
0
0
0
0
0
0
0
0
0
0
0
0
0
0
0
0
0
0
0
0
0
0
0
0
0
0
0
0
0
0
0
0
0
0
0
0
0
0
0
0
0
0
0
0
0
0
0
0
0
0
0
0
0
0
0
0
0
0
0
0
0
0
0
0
0
0
0
0
0
0
0
0
0
0
0
0
0
0
0
0
0
0
0
0
0
0
0
0
0
0
0
0
0
0
0
0
0
0
0
0
0
0
0
0
0
0
0
0
0
0
0
0
0
0
0
0
0
0
0
0
0
0
0
0
0
0
0
0
0
0
0
0
0
0
0
0
0
0
0
0
0
0
0
0
0
0
0
0
0
0
0
0
0
0
0
0
0
0
0
0
0
0
0
0
0
0
0
0
0
0
0
0
0
0
0
0
0
0
0
0
0
0
0
0
0
0
0
0
0
0
0
0
0
0
0
0
0
0
0
0
0
0
0
0
0
0
0
0
0
0
0
0
0
0
0
0
0
0
0
0
0
0
0
0
0
0
0
0
0
0
0
0
0
0
0
0
0
0
0
0
0
0
0
0
0
0
0
0
0
0
0
0
0
0
0
0
0
0
0
0
0
0
0
0
0
0
0
0
0
0
0
0
0
0
0
0
0
0
0
0
0
0
0
0
0
0
0
0
0
0
0
0
0
0
0
0
0
0
0
0
0
0
0
0
0
0
0
0
0
0
0
0
0
0
0
0
0
0
0
0
0
0
0
0
0
0
0
0
0
0
0
0
0
0
0
0
0
0
0
0
0
0
0
0
0
0
0
0
0
0
0
0
0
0
0
0
0
0
0
0
0
0
0
0
0
0
0
0
0
0
0
0
0
0
0
0
0
0
0
0
0
0
0
0
0
0
0
0
0
0
0
0
0
0
0
0
0
0
0
0
0
0
0
0
0
0
0
0
0
0
0
0
0
0
0
0
0
0
0
0
0
0
0
0
0
0
0
0
0
0
0
0
0
0
0
0
0
0
0
0
0
0
0
0
0
0
0
0
0
0
0
0
0
0
0
0
0
0
0
0
0
0
0
0
0
0
0
0
0
0
0
0
0
0
0
0
0
0
0
0
0
0
0
0
0
0
0
0
0
0
0
0
0
0
0
0
0
0
0
0
0
0
0
0
0
0
0
0
0
0
0
0
0
0
0
0
0
0
0
0
0
0
0
0
0
0
0
0
0
0
0
0
0
0
0
0
0
0
0
0
0
0
0
0
0
0
0
0
0
0
0
0
0
0
0
0
0
0
0
0
0
0
0
0
0
0
0
0
0
0
0
0
0
0
0
0
0
0
0
0
0
0
0
0
0
0
0
0
0
0
0
0
0
0
0
0
0
0
0
0
0
0
0
0
0
0
0
0
0
0
0
0
0
0
0
0
0
0
0
0
0
0
0
0
0
0
0
0
0
0
0
0
0
0
0
0
0
0
0
0
0
0
0
0
0
0
0
0
0
0
0
0
0
0
0
0
0
0
0
0
0
0
0
0
0
0
0
0
0
0
0
0
0
0
0
0
0
0
0
0
0
0
0
0
0
0
0
0
0
0
0
0
0
0
0
0
0
0
0
0
0
0
0
0
0
0
0
0
0
0
0
0
0
0
0
0
0
0
0
0
0
0
0
0
0
0
0
0
0
0
0
0
0
0
0
0
0
0
0
0
0
0
0
0
0
0
0
0
0
0
0
0
0
0
0
0
0
0
0
0
0
0
0
0
0
0
0
0
0
0
0
0
0
0
0
0
0
0
0
0
0
0
0
0
0
0
0
0
0
0
0
0
0
0
0
0
0
0
0
0
0
0
0
0
0
0
0
0
0
0
0
0
0
0
0
0
0
0
0
0
0
0
0
0
0
0
0
0
0
0
0
0
0
0
0
0
0
0
0
0
0
0
0
0
0
0
0
0
0
0
0
0
0
0
0
0
0
0
0
0
0
0
0
0
0
0
0
0
0
0
0
0
0
0
0
0
0
0
0
0
0
0
0
0
0
0
0
0
0
0
0
0
0
0
0
0
0
0
0
0
0
0
0
0
0
0
0
0
0
0
0
0
0
0
0
0
0
0
0
0
0
0
0
0
0
0
0
0
0
0
0
0
0
0
0
0
0
0
0
0
0
0
0
0
0
0
0
0
0
0
0
0
0
0
0
0
0
0
0
0
0
0
0
0
0
0
0
0
0
0
0
0
0
0
0
0
0
0
0
0
0
0
0
0
0
0
0
0
0
0
0
0
0
0
0
0
0
0
0
0
0
0
0
0
0
0
0
0
0
0
0
0
0
0
0
0
0
0
0
0
0
0
0
0
0
0
0
0
0
0
0
0
0
0
0
0
0
0
0
0
0
0
0
0
0
0
0
0
0
0
0
0
0
0
0
0
0
0
0
0
0
0
0
0
0
0
0
0
0
0
0
0
0
0
0
0
0
0
0
0
0
0
0
0
0
0
0
0
0
0
0
0
0
0
0
0
0
0
0
0
0
0
0
0
0
0
0
0
0
0
0
0
0
0
0
0
0
0
0
0
0
0
0
0
0
0
0
0
0
0
0
0
0
0
0
0
0
0
0
0
0
0
0
0
0
0
0
0
0
0
0
0
0
0
0
0
0
0
0
0
0
0
0
0
0
0
0
0
0
0
0
0
0
0
0
0
0
0
0
0
0
0
0
0
0
0
0
0
0
0
0
0
0
0
0
0
0
0
0
0
0
0
0
0
0
0
0
0
0
0
0
0
0
0
0
0
0
0
0
0
0
0
0
0
0
0
0
0
0
0
0
0
0
0
0
0
0
0
0
0
0
0
0
0
0
0
0
0
0
0
0
0
Case #7:
176
490
69
727
4
473
111
1242
342
250
1357
288
694
174
114
87
17
773
334
9
40
33
1293
263
1089
58
924
509
421
95
104
40
662
408
205
196
578
281
296
271
9
1220
44
409
212
503
23
42
27
521
940
15
92
366
78
453
498
504
329
78
71
639
1021
287
79
176
257
25
553
629
1051
186
654
976
5
192
138
385
548
395
208
637
216
215
56
36
410
569
724
427
470
489
483
45
38
581
35
769
985
349
126
921
9
93
297
26
494
394
588
57
364
232
9
31
530
426
970
80
178
728
341
10
1055
1018
191
24
930
176
248
1
71
173
282
885
330
51
237
1027
183
24
67
839
399
491
149
26
399
198
580
897
93
330
1184
87
419
92
992
179
347
96
725
584
233
433
372
458
186
483
482
281
71
171
972
237
240
392
129
64
922
235
1134
628
62
354
0
154
135
349
75
342
197
1083
140
100
273
38
101
157
1
545
13
1255
694
107
547
155
267
153
72
104
36
174
108
197
110
281
15
796
24
551
911
301
7
856
131
127
477
1011
213
64
186
86
444
362
398
487
497
647
488
146
646
588
337
5
499
744
650
817
56
904
867
1221
184
1153
128
214
213
9
7
1016
330
211
868
417
270
112
113
2
2
171
365
84
38
136
118
876
563
59
355
72
179
12
761
131
308
368
1089
1310
550
20
340
794
362
98
293
875
397
38
1309
0
356
113
2
662
1170
73
193
235
177
365
757
343
400
540
700
84
149
74
37
19
1
17
921
1065
60
455
891
147
677
107
322
196
164
87
215
76
21
1251
152
1034
912
32
27
374
350
232
405
184
795
170
188
48
78
61
424
216
241
298
59
1012
592
175
504
711
232
244
40
59
732
20
337
576
385
80
364
0
220
174
834
638
232
111
801
352
255
56
867
114
208
481
192
364
42
76
1036
173
536
25
335
140
267
1332
184
175
25
97
0
43
496
74
434
957
467
116
289
464
159
32
404
472
892
17
19
132
376
650
13
482
53
116
354
253
124
535
500
360
63
86
17
423
1231
37
97
529
449
90
23
151
138
456
546
501
183
1151
138
121
17
326
72
155
606
18
430
246
26
358
71
154
33
169
52
656
539
22
292
306
266
1341
2
190
508
24
135
58
32
1338
1
368
248
1315
423
872
890
987
86
923
66
11
10
496
486
681
6
32
356
376
88
710
251
173
320
313
446
171
445
994
52
52
18
183
9
80
51
362
543
723
398
517
444
671
9
1039
636
45
22
314
518
552
856
80
231
103
374
52
883
163
984
443
84
21
363
156
6
1039
185
1116
36
362
765
66
694
196
63
470
27
105
699
37
405
700
1027
16
1276
128
1192
102
223
734
39
116
748
456
248
249
79
261
69
324
141
35
453
8
1260
162
147
20
8
86
577
1077
81
466
36
17
337
400
876
251
558
1062
106
591
715
909
197
608
270
53
4
236
391
329
70
275
316
24
445
664
182
584
310
774
97
351
189
71
479
410
682
591
487
8
333
774
478
22
217
86
288
324
419
394
1060
27
241
1007
79
9
1208
421
80
735
19
383
49
75
900
12
135
711
331
310
86
377
89
405
659
908
3
57
369
109
445
808
380
580
850
8
381
115
200
680
525
532
230
784
423
1114
271
216
295
55
859
384
479
496
78
290
737
118
1
219
148
12
538
3
280
405
387
848
366
118
663
23
233
64
76
308
166
54
148
696
558
28
199
7
57
497
993
690
202
621
258
8
229
28
553
29
821
534
58
786
9
5
698
6
40
13
140
124
552
47
1341
229
63
358
679
47
77
113
357
320
51
800
107
607
140
767
5
188
1295
328
62
264
198
241
514
166
116
286
187
79
134
603
1165
120
261
969
523
244
51
82
193
661
441
851
702
3
49
124
70
61
29
875
251
273
301
1378
201
1
1309
648
115
1361
6
333
499
10
199
320
373
355
1067
750
759
478
606
140
114
893
80
586
227
652
214
27
1174
318
380
545
487
831
789
780
575
577
140
721
600
3
284
105
883
11
116
150
449
797
73
213
605
503
105
271
202
253
101
590
331
150
281
684
467
820
87
117
691
37
473
93
110
109
18
194
287
178
873
1172
772
47
576
269
851
13
1
399
0
587
842
296
211
461
70
567
37
148
636
534
124
248
966
874
536
180
468
350
39
5
72
110
319
549
511
269
268
641
46
575
565
644
695
396
7
434
429
506
158
85
195
1398
432
8
189
794
166
44
297
35
311
33
316
381
124
1
61
1049
254
1040
159
114
364
714
140
122
240
985
558
115
11
496
947
818
158
960
650
276
601
549
41
926
236
78
348
1455
728
462
327
538
84
177
963
1264
69
474
103
965
375
155
207
95
193
952
304
777
296
337
851
974
201
164
104
334
225
251
362
1059
12
15
460
670
393
617
18
151
205
243
584
3
409
74
622
194
530
142
42
402
1033
30
219
85
261
856
786
337
413
69
35
446
26
547
260
341
408
18
442
250
368
680
44
192
48
57
38
158
31
1196
369
624
1
608
498
817
356
199
667
253
65
251
1019
990
198
187
888
810
823
689
230
1007
261
973
573
282
24
439
13
1336
35
29
8
140
231
94
114
262
1159
1052
130
173
46
758
361
200
226
766
212
144
621
463
745
713
28
135
794
826
633
718
259
949
957
124
107
189
243
495
23
56
103
387
771
476
330
232
1004
19
348
412
28
550
8
203
224
653
716
357
385
3
261
47
132
3
22
675
210
133
514
236
61
45
211
715
49
78
513
224
7
147
416
35
269
227
56
163
457
139
558
253
751
77
943
72
4
806
379
209
8
55
370
432
656
74
443
152
67
652
160
437
160
282
441
50
703
499
57
36
83
409
527
52
15
0
1051
246
813
2
67
480
190
90
161
149
696
176
901
680
49
222
77
35
1107
447
436
341
352
141
30
1152
11
1064
630
106
284
422
56
798
123
248
516
1064
323
554
109
121
80
112
62
243
144
93
1039
1195
380
103
382
1
710
95
64
161
39
0
247
3
144
545
613
11
244
15
618
104
210
62
119
558
840
24
800
246
119
433
81
239
159
252
1005
603
2
1059
804
571
899
734
460
256
907
576
467
466
997
58
612
412
845
338
86
204
610
904
762
25
398
451
1198
444
285
297
426
1177
208
818
285
531
606
80
347
816
88
104
915
46
448
397
777
582
97
191
40
612
345
151
292
688
150
972
306
424
237
308
242
453
26
81
1108
82
692
115
378
100
40
871
12
195
367
219
1161
3
155
428
157
77
164
45
1031
863
542
3
1099
445
5
215
408
359
210
646
866
1296
914
219
243
72
1020
134
4
645
78
129
250
20
430
60
338
151
588
117
126
1096
575
489
630
621
302
936
28
179
162
10
268
1089
996
574
681
1118
490
780
30
79
255
278
94
378
524
70
150
236
428
77
886
488
60
138
323
899
2
106
584
10
475
618
299
306
475
1094
554
760
171
1200
219
709
988
115
471
232
273
150
191
286
836
280
23
305
124
242
458
426
379
166
489
303
157
43
208
62
605
637
718
42
217
587
324
824
206
14
37
700
1021
0
212
460
163
148
330
901
325
108
239
1297
42
40
65
580
47
345
639
202
1233
404
282
432
338
869
457
28
101
623
508
185
557
322
159
528
242
903
360
44
33
333
23
87
491
458
494
208
586
42
318
791
1014
110
304
692
920
339
156
204
199
198
1228
594
429
66
529
110
206
138
517
180
318
199
403
109
457
0
1166
45
249
762
42
61
668
299
221
487
720
368
815
116
1131
2
253
730
128
76
634
29
205
434
976
1153
150
797
865
138
314
116
238
64
968
22
765
9
266
49
16
992
147
108
511
366
498
51
81
224
86
557
87
457
154
569
51
565
900
176
866
197
598
681
388
426
787
781
27
345
155
93
143
925
261
69
129
22
475
636
447
74
280
124
524
6
933
647
387
147
137
163
98
480
335
25
632
53
471
14
14
574
945
255
40
371
39
98
910
500
41
38
580
16
653
991
373
892
634
210
73
153
1274
973
154
51
6
231
1063
105
581
47
412
348
433
194
168
84
657
66
140
16
251
268
195
131
13
390
16
137
224
859
35
255
582
213
463
89
33
103
123
298
111
832
222
46
409
9
60
753
367
75
457
141
7
0
926
128
471
41
541
110
28
803
323
150
938
4
243
336
297
18
153
283
395
71
968
435
124
1123
103
939
628
207
237
54
0
1147
111
523
19
344
27
92
244
222
755
147
772
866
1058
223
61
546
349
992
26
994
279
141
81
493
443
748
333
280
651
63
566
1017
750
365
368
128
227
39
546
1140
252
767
738
401
655
606
425
463
12
621
641
182
77
116
347
598
1028
1078
170
59
324
116
568
99
165
36
164
488
477
430
140
130
828
155
805
1222
1074
1129
1155
1
771
38
1219
703
253
381
35
55
830
298
362
1329
0
172
181
322
14
279
8
101
12
224
39
320
974
656
520
378
173
66
57
1071
967
361
13
210
779
422
423
236
4
672
654
155
100
1
446
3
903
629
83
18
247
21
528
275
65
938
271
165
1041
86
158
137
62
342
116
749
85
1019
173
3
264
160
300
6
60
826
925
35
180
44
125
239
135
176
514
546
150
437
940
21
259
136
348
3
566
634
165
5
652
883
350
391
388
323
165
44
184
777
689
69
254
1128
255
5
525
38
539
301
220
120
20
692
748
35
828
881
0
1
0
243
902
298
71
14
23
256
729
14
273
371
1057
241
71
629
99
40
124
659
313
350
108
882
5
118
383
58
681
223
141
213
131
52
1
31
302
502
62
166
933
875
609
167
676
687
42
287
217
405
588
106
41
14
289
191
7
295
151
185
444
44
910
145
204
167
26
719
401
195
509
226
199
1050
33
410
82
480
587
69
51
563
254
361
221
441
215
123
56
99
109
95
59
0
874
13
107
619
350
216
156
606
17
725
2
623
788
522
510
18
765
1058
735
872
676
1079
210
1121
468
100
261
656
72
727
477
64
592
1034
107
529
117
362
72
518
487
10
1150
64
6
874
54
235
651
861
158
768
245
835
353
236
594
1091
182
211
271
75
240
118
584
159
1416
345
280
17
276
702
316
6
859
227
268
148
111
613
45
586
443
432
533
1107
203
286
89
338
488
0
519
143
118
1005
68
371
96
93
385
570
974
943
54
555
837
47
745
672
403
625
277
445
293
481
424
117
46
14
1281
7
339
436
1185
554
821
666
161
1
391
223
295
510
109
268
291
91
405
284
198
933
130
540
176
634
110
4
227
946
1010
165
64
1400
9
360
637
480
124
188
35
446
1115
280
925
252
916
1253
1201
510
10
816
1037
745
63
266
762
402
9
152
243
293
459
87
398
75
42
49
192
248
734
1128
234
387
259
884
570
23
102
4
1034
638
115
764
98
128
468
742
1252
483
536
485
35
124
13
570
721
89
0
588
1075
309
14
595
1223
378
325
261
604
167
616
256
482
299
1318
66
633
35
144
630
1150
415
14
588
1174
525
42
22
159
400
763
948
367
342
604
143
593
59
1033
832
46
267
379
349
42
21
1
18
72
387
868
47
1182
1042
136
2
260
201
93
73
360
334
494
393
244
340
537
48
29
606
204
198
76
2
191
72
1203
526
120
360
79
78
700
540
444
714
231
5
1004
11
241
870
34
420
20
156
450
205
75
407
454
479
801
227
176
615
284
81
199
94
1128
192
463
2
725
200
189
557
4
552
572
258
728
396
445
605
38
270
250
15
382
541
266
517
111
526
967
104
938
304
362
99
74
228
774
302
154
1198
58
193
88
123
798
354
348
481
182
264
47
425
1148
346
256
175
113
1289
737
241
209
237
421
419
1089
1026
1125
466
167
422
57
148
53
353
1165
943
80
944
8
320
630
151
1245
216
101
309
532
528
181
574
128
134
96
281
94
96
234
348
683
732
226
406
45
153
968
160
485
469
19
126
67
447
365
446
98
463
293
333
1052
1358
462
684
20
634
637
675
3
1187
293
108
53
2
715
195
319
346
187
67
458
170
13
114
529
797
504
18
183
745
22
26
593
59
886
331
1002
170
1
274
326
919
100
154
383
264
260
240
544
57
29
611
507
125
119
135
216
320
483
20
211
519
72
244
53
38
76
192
0
85
14
749
838
431
69
804
122
18
236
286
726
644
205
152
455
490
709
114
649
113
239
773
794
399
348
59
16
352
178
212
871
429
222
138
154
728
436
408
259
174
45
2
114
80
169
497
50
187
22
702
82
377
583
571
63
250
1022
577
821
206
471
731
317
46
153
567
226
774
367
224
784
3
175
1194
698
200
263
324
451
964
438
26
12
169
758
70
113
61
385
247
31
727
261
110
46
159
773
888
158
44
617
520
939
78
19
266
553
10
225
1065
61
1077
235
3
23
87
859
869
53
1113
537
311
180
925
474
628
94
65
0
24
770
22
282
102
1021
203
42
42
0
74
71
192
96
822
68
109
45
391
275
823
456
373
414
41
120
1146
139
572
3
37
454
93
907
524
764
2
19
223
46
444
215
122
219
390
155
54
726
51
102
134
410
369
1124
476
44
702
65
912
373
588
202
1211
70
161
640
78
285
624
108
130
543
22
226
224
482
512
434
343
12
0
90
1175
1313
232
447
196
88
443
384
71
707
439
41
186
454
728
415
514
343
103
761
785
812
416
1065
95
54
20
154
184
726
332
557
599
460
315
44
654
210
210
16
201
584
705
130
808
204
80
666
294
233
319
546
86
18
151
31
548
68
821
775
549
482
420
439
715
1227
188
136
659
103
582
1143
93
458
307
395
420
592
695
329
850
178
821
101
297
85
1144
152
18
850
18
71
158
416
1128
268
992
282
154
431
34
868
1166
671
77
640
434
2
1181
13
1312
2
1219
115
165
3
41
53
14
427
210
57
376
114
288
734
196
129
266
58
565
404
192
70
305
191
10
238
686
434
120
38
46
209
12
77
411
770
1122
123
25
385
610
89
111
121
405
262
787
Case #8:
0
0
0
0
0
0
0
0
0
0
0
0
0
0
0
0
0
0
0
0
0
0
0
0
0
0
0
0
0
0
0
0
0
0
0
0
0
0
0
0
0
0
0
0
0
0
0
0
0
0
0
0
0
0
0
0
0
0
0
0
0
0
0
0
0
0
0
0
0
0
0
0
0
0
0
0
0
0
0
0
0
0
0
0
0
0
0
0
0
0
0
0
0
0
0
0
0
0
0
0
0
0
0
0
0
0
0
0
0
0
0
0
0
0
0
0
0
0
0
0
0
0
0
0
0
0
0
0
0
0
0
0
0
0
0
0
0
0
0
0
0
0
0
0
0
0
0
0
0
0
0
0
0
0
0
0
0
0
0
0
0
0
0
0
0
0
0
0
0
0
0
0
0
0
0
0
0
0
0
0
0
0
0
0
0
0
0
0
0
0
0
0
0
0
0
0
0
0
0
0
0
0
0
0
0
0
0
0
0
0
0
0
0
0
0
0
0
0
0
0
0
0
0
0
0
0
0
0
0
0
0
0
0
0
0
0
0
0
0
0
0
0
0
0
0
0
0
0
0
0
0
0
0
0
0
0
0
0
0
0
0
0
0
0
0
0
0
0
0
0
0
0
0
0
0
0
0
0
0
0
0
0
0
0
0
0
0
0
0
0
0
0
0
0
0
0
0
0
0
0
0
0
0
0
0
0
0
0
0
0
0
0
0
0
0
0
0
0
0
0
0
0
0
0
0
0
0
0
0
0
0
0
0
0
0
0
0
0
0
0
0
0
0
0
0
0
0
0
0
0
0
0
0
0
0
0
0
0
0
0
0
0
0
0
0
0
0
0
0
0
0
0
0
0
0
0
0
0
0
0
0
0
0
0
0
0
0
0
0
0
0
0
0
0
0
0
0
0
0
0
0
0
0
0
0
0
0
0
0
0
0
0
0
0
0
0
0
0
0
0
0
0
0
0
0
0
0
0
0
0
0
0
0
0
0
0
0
0
0
0
0
0
0
0
0
0
0
0
0
0
0
0
0
0
0
0
0
0
0
0
0
0
0
0
0
0
0
0
0
0
0
0
0
0
0
0
0
0
0
0
0
0
0
0
0
0
0
0
0
0
0
0
0
26
12
0
17
7
19
2
18
25
29
18
14
4
2
19
10
6
23
5
2
0
0
5
3
23
0
31
7
1
18
9
21
1
4
Case #9:
0
0
0
0
0
0
0
0
0
0
0
0
0
0
0
0
0
0
0
0
0
0
0
0
0
0
0
0
0
0
0
0
0
0
0
0
0
0
0
0
0
0
0
0
0
0
0
0
0
0
0
0
0
0
0
0
0
0
0
0
0
0
0
0
0
0
0
0
0
0
0
0
0
0
0
0
0
0
0
0
0
0
0
0
0
0
0
0
0
0
0
0
0
0
0
0
0
0
0
0
0
0
0
0
0
0
0
0
0
0
0
0
0
0
0
0
0
0
0
0
0
0
0
0
0
0
0
0
0
0
0
0
0
0
0
0
0
0
0
0
0
0
0
0
0
0
0
0
0
0
0
0
0
0
0
0
0
0
0
0
0
0
0
0
0
0
0
0
0
0
0
0
0
0
0
0
0
0
0
0
0
0
0
0
0
0
0
0
0
0
0
0
0
0
0
0
0
0
0
0
0
0
0
0
0
0
0
0
0
0
0
0
0
0
0
0
0
0
0
0
0
0
0
0
0
0
0
0
0
0
0
0
0
0
0
0
0
0
0
0
0
0
0
0
0
0
0
0
0
0
0
0
0
0
0
0
0
0
0
0
0
0
0
0
0
0
0
0
0
0
0
0
0
0
0
0
0
0
0
0
0
0
0
0
0
0
0
0
0
0
0
0
0
0
0
0
0
0
0
0
0
0
0
0
0
0
0
0
0
0
0
0
0
0
0
0
0
0
0
0
0
0
0
0
0
0
0
0
0
0
0
0
0
0
0
0
0
0
0
0
0
0
0
0
0
0
0
0
0
0
0
0
0
0
0
0
0
0
0
0
0
0
0
0
0
0
0
0
0
0
0
0
0
0
0
0
0
0
0
0
0
0
0
0
0
0
0
0
0
0
0
0
0
0
0
0
0
0
0
0
0
0
0
0
0
0
0
0
0
0
0
0
0
0
0
0
0
0
0
0
0
0
0
0
0
0
0
0
0
0
0
0
0
0
0
0
0
0
0
0
0
0
0
0
0
0
0
0
0
0
0
0
0
0
0
0
0
0
0
0
0
0
0
0
0
0
0
0
0
0
0
0
0
0
0
0
0
0
0
0
0
0
0
0
0
0
0
0
0
0
0
0
0
0
0
0
0
0
0
0
0
0
0
0
0
0
0
0
0
0
0
0
0
0
0
0
0
0
0
0
0
0
0
0
0
0
0
0
0
0
0
0
0
0
0
0
0
0
0
0
0
0
0
0
0
0
0
0
0
0
0
0
0
0
0
0
0
0
0
0
0
0
0
0
0
0
0
0
0
0
0
0
0
0
0
0
0
0
0
0
0
0
0
0
0
0
0
0
0
0
0
0
0
0
0
0
0
0
0
0
0
0
0
0
0
0
0
0
0
0
0
0
0
0
0
0
0
0
0
0
0
0
0
0
0
0
0
0
0
0
0
0
0
0
0
0
0
0
0
0
0
0
0
0
0
0
0
0
0
0
0
0
0
0
0
0
0
0
0
0
0
0
0
0
0
0
0
0
0
0
0
0
0
0
0
0
0
0
0
0
0
0
0
0
0
0
0
0
0
0
0
0
0
0
0
0
0
0
0
0
0
0
0
0
0
0
0
0
0
0
0
0
0
0
0
0
0
0
0
0
0
0
0
0
0
0
0
0
0
0
0
0
0
0
0
0
0
0
0
0
0
0
0
0
0
0
0
0
0
0
0
0
0
0
0
0
0
0
0
0
0
0
0
0
0
0
0
0
0
0
0
0
0
0
0
0
0
0
0
0
0
0
0
0
0
0
0
0
0
0
0
0
0
0
0
0
0
0
0
0
0
0
0
0
0
0
0
0
0
0
0
0
0
0
0
0
0
0
0
0
0
0
0
0
0
0
0
0
0
0
0
0
0
0
0
0
0
0
0
0
0
0
0
0
0
0
0
0
0
0
0
0
0
0
0
0
0
0
0
0
0
0
0
0
0
0
0
0
0
0
0
0
0
0
0
0
0
0
0
0
0
0
0
0
0
0
0
0
0
0
0
0
0
0
0
0
0
0
0
0
0
0
0
0
0
0
0
0
0
0
0
0
0
0
0
0
0
0
0
0
0
0
0
0
0
0
0
0
0
0
0
0
0
0
0
0
0
0
0
0
0
0
0
0
0
0
0
0
0
0
0
0
0
0
0
0
0
0
0
0
0
0
0
0
0
0
0
0
0
0
0
0
0
0
0
0
0
0
0
0
0
0
0
0
0
0
0
0
0
0
0
0
0
0
0
0
0
0
0
0
0
0
0
0
0
0
0
0
0
0
0
0
0
0
0
0
0
0
0
0
0
0
0
0
0
0
0
0
0
0
0
0
0
0
0
0
0
0
0
0
0
0
0
0
0
0
0
0
0
0
0
0
0
0
0
0
0
0
0
0
0
0
0
0
Case #10:
0
0
0
0
0
0
0
0
0
0
0
0
0
0
0
0
0
0
0
0
0
0
0
0
0
0
0
0
0
0
0
0
0
0
0
0
0
0
0
0
0
0
0
0
0
0
0
0
0
0
0
0
0
0
0
0
0
0
0
0
0
0
0
0
0
0
0
0
0
0
0
0
0
0
0
0
0
0
0
0
0
0
0
0
0
0
0
0
0
0
0
0
0
0
0
0
0
0
0
0
0
0
0
0
0
0
0
0
0
0
0
0
0
0
0
0
0
0
0
0
0
0
0
0
0
0
0
0
0
0
0
0
0
0
0
0
0
0
0
0
0
0
0
0
0
0
0
0
0
0
0
0
0
0
0
0
0
0
0
0
0
0
0
0
0
0
0
0
0
0
0
0
0
0
0
0
0
0
0
0
0
0
0
0
0
0
0
0
0
0
0
0
0
0
0
0
0
0
0
0
0
0
0
0
0
0
0
0
0
0
0
0
0
0
0
0
0
0
0
0
0
0
0
0
0
0
0
0
0
0
0
0
0
0
0
0
0
0
0
0
0
0
0
0
0
0
0
0
0
0
0
0
0
0
0
0
0
0
0
0
0
0
0
0
0
0
0
0
0
0
0
0
0
0
0
0
0
0
0
0
0
0
0
0
0
0
0
0
0
0
0
0
0
0
0
0
0
0
0
0
0
0
0
0
0
0
0
0
0
0
0
0
0
0
0
0
0
0
0
0
0
0
0
0
0
0
0
0
0
0
0
0
0
0
0
0
0
0
0
0
0
0
0
0
0
0
0
0
0
0
0
0
0
0
0
0
0
0
0
0
0
0
0
0
0
0
0
0
0
0
0
0
0
0
0
0
0
0
0
0
0
0
0
0
0
0
0
0
0
0
0
0
0
0
0
0
0
0
0
0
0
0
0
0
0
0
0
0
0
0
0
0
0
0
0
0
0
0
0
0
0
0
0
0
0
0
0
0
0
0
0
0
0
0
0
0
0
0
0
0
0
0
0
0
0
0
0
0
0
0
0
0
0
0
0
0
0
0
0
0
0
0
0
0
0
0
0
0
0
0
0
0
0
0
0
0
0
0
0
0
0
0
0
0
0
0
0
0
0
0
0
0
0
0
0
0
0
0
0
0
0
0
0
0
0
0
0
0
0
0
0
0
0
0
0
0
0
0
0
0
0
0
0
0
0
0
0
0
0
0
0
0
0
0
0
0
0
0
0
0
0
0
0
0
0
0
0
0
0
0
0
0
0
0
0
0
0
0
0
0
0
0
0
0
0
0
0
0
0
0
0
0
0
0
0
0
0
0
0
0
0
0
0
0
0
0
0
0
0
0
0
0
0
0
0
0
0
0
0
0
0
0
0
0
0
0
0
0
0
0
0
0
0
0
0
0
0
0
0
0
0
0
0
0
0
0
0
0
0
0
0
0
0
0
0
0
0
0
0
0
0
0
0
0
0
0
0
0
0
0
0
0
0
0
0
0
0
0
0
0
0
0
0
0
0
0
0
0
0
0
0
0
0
0
0
0
0
0
0
0
0
0
0
0
0
0
0
0
0
0
0
0
0
0
0
0
0
0
0
0
0
0
0
0
0
0
0
0
0
0
0
0
0
0
0
0
0
0
0
0
0
0
0
0
0
0
0
0
0
0
0
0
0
0
0
0
0
0
0
0
0
0
0
0
0
0
0
0
0
0
0
0
0
0
0
0
0
0
0
0
0
0
0
0
0
0
0
0
0
0
0
0
0
0
0
0
0
0
0
0
0
0
0
0
0
0
0
0
0
0
0
0
0
0
0
0
0
0
0
0
0
0
0
0
0
0
0
0
0
0
0
0
0
0
0
0
0
0
0
0
0
0
0
0
0
0
0
0
0
0
0
0
0
0
0
0
0
0
0
0
0
0
0
0
0
0
0
0
0
0
0
0
0
0
0
0
0
0
0
0
0
0
0
0
0
0
0
0
0
0
0
0
0
0
0
0
0
0
0
0
0
0
0
0
0
0
0
0
0
0
0
0
0
0
0
0
0
0
0
0
0
0
0
0
0
0
0
0
0
0
0
0
0
0
0
0
0
0
0
0
0
0
0
0
0
0
0
0
0
0
0
0
0
0
0
0
0
0
0
0
0
0
0
0
0
0
0
0
0
0
0
0
0
0
0
0
0
0
0
0
0
0
0
0
0
0
0
0
0
0
0
0
0
0
0
0
0
0
0
0
0
0
0
0
0
0
0
0
0
0
0
0
0
0
0
0
0
0
0
0
0
0
0
0
0
0
0
0
0
0
0
0
0
0
0
0
0
0
0
0
0
0
0
0
0
0
0
0
0
0
0
0
0
0
0
0
0
0
0
0
0
0
0
0
0
0
0
0
0
0
0
0
0
0
0
0
0
0
0
0
0
0
0
0
0
0
0
0
0
0
0
0
0
0
0
0
0
0
0
0
0
0
0
0
0
0
0
0
0
0
0
0
0
0
0
0
0
0
0
0
0
0
0
0
0
0
0
0
0
0
0
0
0
0
0
0
0
0
0
0
0
0
0
0
0
0
0
0
0
0
0
0
0
0
0
0
0
0
0
0
0
0
0
0
0
0
0
0
0
0
0
0
0
0
0
0
0
0
0
0
0
0
0
0
0
0
0
0
0
0
0
0
0
0
0
0
0
0
0
0
0
0
0
0
0
0
0
0
0
0
0
0
0
0
0
0
0
0
0
0
0
0
0
0
0
0
0
0
0
0
0
0
0
0
0
0
0
0
0
0
0
0
0
0
0
0
0
0
0
0
0
0
0
0
0
0
0
0
0
0
0
0
0
0
0
0
0
0
0
0
0
0
0
0
0
0
0
0
0
0
0
0
0
0
0
0
0
0
0
0
0
0
0
0
0
0
0
0
0
0
0
0
0
0
0
0
0
0
0
0
0
0
0
0
0
0
0
0
0
0
0
0
0
0
0
0
0
0
0
0
0
0
0
0
0
0
0
0
0
0
0
0
0
0
0
0
0
0
0
0
0
0
0
0
0
0
0
0
0
0
0
0
0
0
0
0
0
0
0
0
0
0
0
0
0
0
0
0
0
0
0
0
0
0
0
0
0
0
0
0
0
0
0
0
0
0
0
0
0
0
0
0
0
0
0
0
0
0
0
0
0
0
0
0
0
0
0
0
0
0
0
0
0
0
0
0
0
0
0
0
0
0
0
0
0
0
0
0
0
0
0
0
0
0
0
0
0
0
0
0
0
0
0
0
0
0
0
0
0
0
0
0
0
0
0
0
0
0
0
0
0
0
0
0
0
0
0
0
0
0
0
0
0
0
0
0
0
0
0
0
0
0
0
0
0
0
0
0
0
0
0
0
0
0
0
0
0
0
0
0
0
0
0
0
0
0
0
0
0
0
0
0
0
0
0
0
0
0
0
0
0
0
0
0
0
0
0
0
0
0
0
0
0
0
0
0
0
0
0
0
0
0
0
0
0
0
0
0
0
0
0
0
0
0
0
0
0
0
0
0
0
0
0
0
0
0
0
0
0
0
0
0
0
0
0
0
0
0
0
0
0
0
0
0
0
0
0
0
0
0
0
0
0
0
0
0
0
0
0
0
0
0
0
0
0
0
0
0
0
0
0
0
0
0
0
0
0
0
0
0
0
0
0
0
0
0
0
0
0
0
0
0
0
0
0
0
0
0
0
0
0
0
0
0
0
0
0
0
0
0
0
0
0
0
0
0
0
0
0
0
0
0
0
0
0
0
0
0
0
0
0
0
0
0
0
0
0
0
0
0
0
0
0
0
0
0
0
0
0
0
0
0
0
0
0
0
0
0
0
0
0
0
0
0
0
0
0
0
0
0
0
0
0
0
0
0
0
0
0
0
0
0
0
0
0
0
0
0
0
0
0
0
0
0
0
0
0
0
0
0
0
0
0
0
0
0
0
0
0
0
0
0
0
0
0
0
0
0
0
0
0
0
0
0
0
0
0
0
0
0
0
0
0
0
0
0
0
0
0
0
0
0
0
0
0
0
0
0
0
0
0
0
0
0
0
0
0
0
0
0
0
0
0
0
0
0
0
0
0
0
0
0
0
0
0
0
0
0
0
0
0
0
0
0
0
0
0
0
0
0
0
0
0
0
0
0
0
0
0
0
0
0
0
0
0
0
0
0
0
0
0
0
0
0
0
0
0
0
0
0
0
0
0
0
0
0
0
0
0
0
0
0
0
0
0
0
0
0
0
0
0
0
0
0
0
0
0
0
0
0
0
0
0
0
0
0
0
0
0
0
0
0
0
0
0
0
0
0
0
0
0
0
0
0
0
0
0
0
0
0
0
0
0
0
0
0
0
0
0
0
0
0
0
0
0
0
0
0
0
0
0
0
0
0
0
0
0
0
0
0
0
0
0
0
0
0
0
0
0
0
0
0
0
0
0
0
0
0
0
0
0
0
0
0
0
0
0
0
0
0
0
0
0
0
0
0
0
0
0
0
0
0
0
0
0
0
0
0
0
0
0
0
0
0
0
0
0
0
0
0
0
0
0
0
0
0
0
0
0
0
0
0
0
0
0
0
0
0
0
0
0
0
0
0
0
0
0
0
0
0
0
0
0
0
0
0
0
0
0
0
0
0
0
0
0
0
0
0
0
0
0
0
0
0
0
0
0
0
0
0
0
0
0
0
0
0
0
0
0
0
0
0
0
0
0
0
0
0
0
0
0
0
0
0
0
0
0
0
0
0
0
0
0
0
0
0
0
0
0
0
0
0
0
0
0
0
0
0
0
0
0
0
0
0
0
0
0
0
0
0
0
0
0
0
0
0
0
0
0
0
0
0
0
0
0
0
0
0
Case #11:
413
446
44
226
358
112
18
807
772
772
2
345
16
424
240
387
211
280
615
40
571
296
67
114
657
736
374
286
915
12
1077
73
690
103
25
450
737
148
929
193
470
131
296
323
1247
51
114
111
939
109
112
107
428
1003
513
449
25
406
280
875
111
11
229
166
7
13
288
952
256
241
901
996
258
347
29
464
174
1009
428
352
187
375
311
1070
642
44
126
637
134
470
437
394
8
45
135
254
196
19
251
443
115
20
28
199
25
546
115
79
0
53
622
822
534
576
19
1005
48
432
278
151
481
81
0
110
558
749
77
137
212
602
64
208
86
581
586
299
916
497
261
31
149
73
608
47
337
500
147
51
1091
70
890
134
673
15
639
34
523
111
692
322
208
122
814
305
4
487
60
43
275
474
51
33
94
666
334
82
96
19
65
56
27
884
230
180
965
418
159
771
149
389
231
199
7
26
263
183
458
708
473
251
43
829
563
178
17
60
443
755
11
1248
34
189
48
404
47
381
133
122
0
147
312
4
676
2
182
13
605
251
297
620
541
528
291
589
68
7
181
105
112
629
408
81
189
143
462
599
249
334
58
95
5
977
25
74
231
202
1117
131
136
397
60
37
133
391
11
346
595
868
219
374
306
627
5
258
309
116
0
407
0
5
604
646
83
21
257
182
17
244
94
193
354
10
172
70
929
115
328
267
48
212
22
641
379
503
771
217
302
44
227
712
282
475
17
771
688
374
36
195
347
0
646
74
367
570
680
168
161
22
855
843
201
336
553
9
72
205
118
223
327
13
233
19
669
640
463
619
155
385
453
453
1024
174
933
146
236
455
495
217
283
175
63
721
94
447
194
937
54
0
484
581
353
832
6
653
101
318
201
311
285
700
109
143
366
729
750
392
144
301
928
181
431
195
8
4
6
58
12
275
174
369
606
136
420
95
19
906
714
539
406
219
668
393
916
432
722
776
22
123
429
1127
67
345
12
639
195
239
21
336
717
863
294
1044
175
73
14
34
369
142
710
185
80
288
222
132
276
115
54
117
238
663
602
513
84
365
681
536
877
237
442
698
290
520
33
136
15
194
669
150
123
30
303
443
421
412
163
342
112
842
126
912
58
414
211
183
656
352
1
4
1109
482
1095
537
119
605
9
775
105
18
1041
1029
508
151
190
38
95
141
187
734
262
503
177
247
155
342
15
149
408
0
782
564
807
242
18
575
332
88
89
324
79
0
1136
729
360
176
755
132
252
99
339
675
84
526
1015
30
273
169
494
337
4
295
931
520
123
257
763
133
421
890
295
278
226
293
69
718
878
44
830
227
464
88
205
92
811
66
956
0
477
70
113
56
34
36
364
653
174
103
760
397
41
287
27
49
575
242
215
100
38
74
150
82
1052
45
101
489
312
1
456
970
264
426
1160
53
487
166
180
164
976
425
976
53
376
4
476
36
157
533
446
4
75
58
398
292
169
139
266
64
553
201
954
5
97
2
114
271
100
162
713
579
227
114
209
360
291
662
102
454
55
238
120
297
1094
358
25
30
795
54
86
752
108
278
139
243
421
846
216
493
53
178
599
312
320
21
0
821
5
185
247
381
780
38
71
123
592
273
263
82
945
67
308
307
351
771
97
1030
38
31
10
441
56
373
254
232
561
840
148
20
99
384
325
19
825
141
462
36
7
59
448
599
214
3
323
772
20
130
376
326
65
337
422
508
114
689
104
1119
645
236
2
804
466
72
150
576
173
0
165
10
529
69
160
572
390
69
1127
674
138
8
497
1171
449
455
77
654
562
2
575
189
558
1041
7
199
1072
468
312
92
412
409
94
707
317
564
270
16
481
848
591
381
666
340
909
569
14
287
3
102
320
64
610
88
10
2
655
551
92
264
417
501
1065
10
237
760
10
137
609
265
23
4
787
24
1115
453
368
65
123
4
311
20
717
958
150
87
88
81
288
306
78
448
228
61
27
192
494
197
21
876
390
10
67
969
25
14
377
232
298
174
13
72
316
1
478
70
187
32
63
117
16
308
32
720
745
676
81
80
416
58
286
272
1087
924
58
256
5
57
66
152
0
30
255
74
787
331
519
109
226
547
905
62
371
619
95
627
188
12
34
120
393
38
707
50
807
1120
47
201
17
78
66
11
33
468
80
574
195
415
265
80
336
106
676
699
28
372
282
437
30
412
322
376
300
579
14
621
406
711
609
808
115
108
15
946
412
36
2
816
831
549
291
407
243
920
386
194
233
136
489
139
665
107
99
166
432
312
32
23
249
698
536
490
349
82
25
529
119
90
66
928
132
501
115
40
102
694
312
111
66
62
26
33
259
120
95
890
971
55
123
201
462
259
144
14
488
472
106
35
72
7
884
447
353
513
2
615
326
456
230
73
146
351
448
146
118
169
130
371
218
754
130
177
480
59
519
97
716
23
297
74
957
648
57
32
297
493
44
334
349
73
768
23
241
1014
874
250
1132
12
105
506
635
332
78
720
910
82
3
669
560
560
186
250
106
23
11
700
1103
628
505
1069
457
241
629
691
58
681
666
57
119
94
621
40
531
86
121
1
317
648
32
386
440
455
338
563
98
387
945
669
63
255
360
17
26
504
26
248
675
2
19
784
224
429
252
427
143
71
367
150
35
43
635
584
45
212
124
137
42
147
439
330
437
31
88
414
545
145
244
13
321
102
216
329
40
215
292
335
8
381
767
810
255
625
195
426
512
293
332
528
168
958
124
414
129
804
258
417
158
634
530
563
417
198
774
478
535
61
587
1081
583
26
282
21
176
376
729
104
434
852
123
87
171
16
205
76
591
517
513
24
67
280
54
131
69
847
779
167
177
199
544
641
9
206
292
432
572
692
338
81
515
697
220
1
429
9
9
24
34
130
54
511
508
720
130
211
89
137
24
386
691
157
204
510
45
499
448
337
52
57
373
31
661
297
31
28
4
182
238
638
202
671
132
208
240
204
206
1210
421
325
256
258
357
243
478
1084
148
68
848
697
337
230
215
178
291
169
371
242
67
686
309
939
353
513
2
534
3
628
152
263
29
371
177
486
259
771
757
28
3
881
571
563
109
21
103
72
12
39
175
81
17
10
236
29
96
533
161
886
202
378
218
137
408
1264
1046
925
161
792
625
890
945
178
367
353
1016
277
8
630
351
25
319
672
70
307
159
270
904
4
213
267
61
129
342
410
407
498
286
897
14
49
209
223
425
824
225
235
624
175
1121
223
179
1003
54
59
156
169
178
87
340
501
693
132
242
305
217
273
586
153
441
0
551
8
505
800
528
263
16
101
97
97
114
434
214
218
605
42
842
327
74
358
298
27
89
421
1109
915
783
173
903
172
42
179
695
593
39
107
36
127
389
143
19
370
3
191
401
445
184
1022
920
272
705
18
614
229
39
1009
893
108
377
247
0
25
628
1089
502
406
512
205
12
273
353
852
733
233
764
34
39
773
916
410
630
1073
545
205
60
226
1
22
827
123
1001
329
40
7
288
218
855
53
281
305
352
3
580
21
387
297
181
164
431
774
713
5
120
119
19
467
58
388
608
876
95
54
51
32
470
63
302
1195
41
184
50
432
269
37
887
370
1197
87
216
943
1042
88
5
708
30
110
120
163
28
4
236
251
731
509
234
246
30
329
318
122
644
11
7
276
346
16
333
730
540
503
154
109
1027
278
200
1284
26
230
334
233
112
125
59
310
431
440
73
96
448
411
105
428
403
610
277
313
21
264
176
795
92
148
512
550
305
501
817
170
423
563
959
499
562
7
175
152
84
373
118
141
7
12
668
182
26
218
26
57
61
1102
354
177
55
1034
28
792
136
200
248
677
33
544
161
72
949
5
94
525
614
113
375
700
105
81
117
1204
109
20
330
30
590
324
1060
34
548
31
390
766
44
51
162
420
46
423
323
169
263
438
130
652
15
682
32
444
633
332
170
788
11
209
482
374
584
762
84
135
343
164
315
5
783
199
97
105
5
611
3
0
1055
639
44
63
775
499
33
26
32
12
725
817
111
889
189
642
319
173
116
55
990
921
429
420
415
569
236
5
451
323
583
335
219
180
148
310
121
391
270
817
110
128
50
68
60
4
486
98
338
176
298
59
16
168
423
98
824
389
671
50
32
811
39
473
506
5
146
0
3
154
9
156
861
48
862
716
256
500
727
302
207
1073
398
185
132
10
697
75
344
365
761
19
1171
342
120
583
119
150
91
1019
220
67
223
580
276
95
59
416
252
18
398
470
25
134
111
48
151
1034
142
272
72
243
40
185
782
457
80
14
519
92
362
76
1016
507
402
420
39
400
485
204
82
824
174
308
102
6
253
535
214
395
466
927
133
718
597
259
215
20
933
225
556
74
470
208
1
34
27
64
362
503
446
237
64
353
7
341
110
523
311
124
149
92
52
320
250
219
7
273
286
54
275
5
330
147
12
81
905
5
292
186
314
417
655
209
330
52
518
183
13
247
364
61
559
22
649
686
260
372
357
128
312
79
123
704
645
85
498
429
108
118
555
61
11
283
150
38
29
196
298
210
139
145
563
478
608
61
151
214
1
9
690
43
1120
174
547
219
52
65
85
166
213
137
74
681
110
190
478
57
279
501
237
13
474
13
497
642
450
3
238
260
2
81
660
400
26
797
387
272
727
128
38
500
1
62
249
180
250
515
342
35
0
81
703
210
238
33
164
447
828
562
28
226
426
796
129
283
288
528
212
570
1207
187
972
282
613
66
144
215
676
198
811
92
81
811
494
35
361
216
214
151
168
716
467
26
514
135
126
214
479
161
150
406
86
87
778
133
2
61
2
143
406
83
665
486
631
277
192
17
1130
68
21
421
967
533
106
110
58
127
9
158
69
765
267
618
338
114
91
178
219
281
1205
398
689
700
603
366
186
308
44
67
197
0
801
981
33
505
101
453
15
384
183
855
315
594
96
121
403
16
59
79
799
212
151
937
56
428
209
181
45
546
851
137
982
0
765
594
526
491
53
129
350
976
198
878
221
35
577
41
482
1127
644
30
737
484
433
208
342
405
369
52
899
498
593
155
117
188
15
288
269
217
5
31
124
241
714
573
83
15
766
773
45
272
1139
311
78
401
69
756
786
536
680
203
175
29
72
173
88
246
320
341
437
196
637
766
1154
16
19
85
743
362
108
95
429
233
553
805
457
39
462
82
165
179
385
478
134
290
675
376
676
216
709
133
368
477
705
502
1233
450
291
488
1
744
161
189
469
672
31
635
187
421
105
41
153
18
577
162
501
229
118
122
443
88
1
278
352
19
196
235
34
181
364
23
476
635
123
586
234
561
324
51
221
688
43
228
168
26
56
0
746
433
263
263
11
92
25
19
248
528
876
410
229
66
451
23
505
50
4
348
26
35
491
63
1075
482
164
633
107
850
441
982
129
79
270
1
98
73
467
62
263
89
404
266
269
959
513
505
84
110
2
204
29
804
564
468
465
156
215
18
742
31
50
4
1
588
591
181
1285
906
69
324
138
570
165
917
201
386
511
191
733
19
410
458
185
464
226
88
173
163
558
347
617
458
542
217
145
580
157
702
468
98
566
975
1
68
1150
286
479
283
144
116
156
400
748
329
156
137
47
708
984
114
669
145
764
274
20
146
168
31
433
253
143
455
32
7
276
639
13
572
210
271
354
528
314
225
1007
316
428
596
16
57
9
42
53
717
381
734
490
161
284
80
159
34
132
202
0
30
60
116
114
66
197
545
544
527
318
711
94
158
103
15
92
525
244
254
768
42
139
21
453
130
103
75
1045
105
585
27
31
1094
228
299
541
20
468
39
23
365
409
45
59
542
313
14
111
89
554
137
203
76
310
302
54
20
258
109
895
467
36
345
72
4
96
504
939
131
751
826
17
300
351
365
52
149
386
226
144
108
850
184
897
226
66
204
109
107
17
543
238
757
137
75
227
52
210
12
707
515
929
618
135
95
230
75
391
1013
309
344
1018
644
76
721
177
208
33
229
549
380
178
126
17
13
286
193
40
334
903
393
462
206
228
549
581
241
182
526
1030
232
549
557
863
1050
30
774
562
276
241
809
308
322
3
1015
838
359
98
195
230
21
818
329
301
803
239
102
114
206
350
5
1048
50
426
15
12
36
Case #12:
0
Case #13:
0
0
0
0
0
0
0
0
0
0
0
0
0
0
0
0
0
0
0
0
0
0
0
0
0
0
0
0
0
0
0
0
0
0
0
0
0
0
0
0
0
0
0
0
0
0
0
0
0
0
0
0
0
0
0
0
0
0
0
0
0
0
0
0
0
0
0
0
0
0
0
0
0
0
0
0
0
0
0
0
0
0
0
0
0
0
0
0
0
0
0
0
0
0
0
0
0
0
0
0
0
0
0
0
0
0
0
0
0
0
0
0
0
0
0
0
0
0
0
0
0
0
0
0
0
0
0
0
0
0
0
0
0
0
0
0
0
0
0
0
0
0
0
0
0
0
0
0
0
0
0
0
0
0
0
0
0
0
0
0
0
0
0
0
0
0
0
0
0
0
0
0
0
0
0
0
0
0
0
0
0
0
0
0
0
0
0
0
0
0
0
0
0
0
0
0
0
0
0
0
0
0
0
0
0
0
0
0
0
0
0
0
0
0
0
0
0
0
0
0
0
0
0
0
0
0
0
0
0
0
0
0
0
0
0
0
0
0
0
0
0
0
0
0
0
0
0
0
0
0
0
0
0
0
0
0
0
0
0
0
0
0
0
0
0
0
0
0
0
0
0
0
0
0
0
0
0
0
0
0
0
0
0
0
0
0
0
0
0
0
0
0
0
0
0
0
0
0
0
0
0
0
0
0
0
0
0
0
0
0
0
0
0
0
0
0
0
0
0
0
0
0
0
0
0
0
0
0
0
0
0
0
0
0
0
0
0
0
0
0
0
0
0
0
0
0
0
0
0
0
0
0
0
0
0
0
0
0
0
0
0
0
0
0
0
0
0
0
0
0
0
0
0
0
0
0
0
0
0
0
0
0
0
0
0
0
0
0
0
0
0
0
0
0
0
0
0
0
0
0
0
0
0
0
0
0
0
0
0
0
0
0
0
0
0
0
0
0
0
0
0
0
0
0
0
0
0
0
0
0
0
0
0
0
0
0
0
0
0
0
0
0
0
0
0
0
0
0
0
0
0
0
0
0
0
0
0
0
0
0
0
0
0
0
0
0
0
0
0
0
0
0
0
0
0
0
0
0
0
0
0
0
0
0
0
0
0
0
0
0
0
0
0
0
0
0
0
0
0
0
0
0
0
0
0
0
0
0
0
0
0
0
0
0
0
0
0
0
0
0
0
0
0
0
0
0
0
0
0
0
0
0
0
0
0
0
0
0
0
0
0
0
0
0
0
0
0
0
0
0
0
0
0
0
0
0
0
0
0
0
0
0
0
0
0
0
0
0
0
0
0
0
0
0
0
0
0
0
0
0
0
0
0
0
0
0
0
0
0
0
0
0
0
0
0
0
0
0
0
0
0
0
0
0
0
0
0
0
0
0
0
0
0
0
0
0
0
0
0
0
0
0
0
0
0
0
0
0
0
0
0
0
0
0
0
0
0
0
0
0
0
0
0
0
0
0
0
0
0
0
0
0
0
0
0
0
0
0
0
0
0
0
0
0
0
0
0
0
0
0
0
0
0
0
0
0
0
0
0
0
0
0
0
0
0
0
0
0
0
0
0
0
0
0
0
0
0
0
0
0
0
0
0
0
0
0
0
0
0
0
0
0
0
0
0
0
0
0
0
0
0
0
0
0
0
0
0
0
0
0
0
0
0
0
0
0
0
0
0
0
0
0
0
0
0
0
0
0
0
0
0
0
0
0
0
0
0
0
0
0
0
0
0
0
0
0
0
0
0
0
0
0
0
0
0
0
0
0
69
251
20
255
334
6
53
116
241
45
21
524
575
38
31
46
277
277
379
473
394
520
1
269
332
268
5
55
440
499
288
247
258
269
404
18
132
93
15
28
101
284
97
44
19
61
433
99
265
547
412
17
132
609
159
74
406
508
33
179
488
289
266
8
40
359
110
54
110
37
130
96
92
9
83
260
367
232
62
192
600
143
313
141
291
17
204
20
62
260
76
215
39
32
470
609
253
15
124
316
52
453
114
51
138
43
185
218
467
11
2
15
405
521
183
68
545
153
189
152
232
112
297
94
604
30
426
496
141
504
618
28
110
61
36
2
356
41
38
120
0
9
42
127
43
134
239
103
264
186
343
367
0
3
398
102
51
125
2
88
27
568
314
595
427
22
363
17
274
79
8
76
569
189
243
81
173
47
254
11
536
8
6
313
309
109
16
169
235
51
7
119
38
159
3
437
10
358
309
32
498
5
171
344
65
193
57
27
2
226
454
41
337
145
124
233
373
12
77
102
190
167
298
386
604
37
26
510
10
1
30
71
383
375
306
593
9
395
531
454
57
55
14
55
358
2
317
70
47
622
339
516
114
493
130
93
314
564
174
65
379
176
166
81
168
301
158
0
76
65
14
213
28
146
201
405
181
106
178
492
145
578
55
172
4
402
195
79
260
3
108
96
619
102
24
441
378
81
53
110
235
181
1
395
336
72
253
397
613
484
283
108
5
105
55
39
20
36
110
178
398
71
91
246
84
111
121
58
491
22
41
40
169
438
129
170
408
420
6
14
9
591
233
328
463
6
113
379
586
125
9
310
559
9
1
107
0
585
400
117
505
9
144
131
518
95
308
236
84
12
188
457
151
427
408
195
230
360
0
5
461
544
332
202
10
54
5
18
324
477
545
33
134
338
364
4
366
227
358
553
71
88
9
26
186
44
23
486
36
33
74
248
431
194
297
640
20
21
90
286
569
418
403
394
162
363
283
535
210
190
360
83
327
311
333
2
107
4
173
387
1
33
89
11
40
211
311
94
421
288
83
508
515
71
168
357
188
299
139
26
20
88
617
590
263
531
443
62
66
311
63
469
450
62
0
236
9
437
427
207
198
419
201
515
231
159
125
115
142
236
75
287
590
297
30
481
20
165
0
4
137
65
95
630
39
454
606
538
314
326
80
34
237
379
163
43
11
250
185
65
426
60
14
117
233
261
15
91
414
79
65
140
137
264
621
375
2
256
419
496
463
181
174
3
109
159
35
14
273
205
549
84
11
469
536
180
100
21
158
145
338
349
159
524
129
199
56
17
105
305
55
138
23
58
337
582
106
392
1
281
382
585
139
32
323
94
109
29
131
53
267
384
135
70
206
31
12
128
196
466
1
93
184
71
73
27
457
19
93
244
24
53
221
269
136
45
195
195
203
372
185
88
171
329
209
584
203
440
323
282
139
73
145
25
409
192
21
30
104
373
423
86
289
128
433
12
371
156
20
85
8
63
32
480
80
121
400
152
334
59
81
167
477
59
411
182
302
59
51
16
106
47
288
308
163
90
165
44
294
43
423
148
175
3
364
592
146
78
0
289
343
48
65
154
127
89
62
278
165
8
507
280
376
70
246
85
226
363
273
48
216
208
84
236
97
371
115
80
227
216
394
77
6
67
73
289
316
644
441
200
137
317
26
573
128
24
456
118
51
55
429
72
106
508
18
311
1
22
466
201
546
543
13
65
377
7
4
170
114
243
20
69
111
329
61
37
89
194
219
157
129
537
108
673
0
1
619
4
111
45
83
27
400
293
61
6
441
276
79
476
229
184
174
598
286
59
73
511
518
14
18
46
381
441
310
519
81
34
53
376
174
3
75
211
268
262
18
473
362
33
76
110
282
555
296
380
0
204
61
305
240
7
23
104
19
297
80
37
273
35
74
162
113
17
60
183
260
350
Case #14:
755
716
1166
57
439
434
859
475
367
111
46
763
76
637
1031
940
175
399
576
898
89
140
53
218
680
863
54
74
1056
319
166
16
812
418
416
831
60
284
300
112
1284
494
71
111
482
60
306
595
691
487
5
11
4
312
1010
1143
30
478
15
235
820
9
960
858
756
31
104
8
215
1014
1055
511
958
848
712
1025
201
76
462
911
111
95
41
1321
88
689
441
457
679
63
72
712
63
854
71
180
1005
140
645
859
466
194
205
353
154
395
602
709
737
637
530
660
32
185
470
330
503
38
3
244
664
495
72
830
861
311
1017
208
805
751
329
366
252
735
112
1240
1098
71
0
138
16
202
74
34
855
419
943
305
579
254
125
449
391
14
358
1295
33
59
297
346
607
164
1146
99
554
3
425
2
32
265
474
58
1400
184
489
287
57
86
1343
37
1305
236
50
423
56
117
176
118
91
396
63
1178
22
266
379
1006
147
194
121
1
665
705
150
249
351
191
595
20
77
141
927
424
1279
307
43
9
201
525
69
531
177
523
294
159
77
58
58
146
460
459
320
592
407
202
72
2
13
93
279
410
309
13
277
455
382
68
489
211
537
107
305
477
897
65
293
872
21
653
132
635
362
133
108
47
72
212
320
191
285
1143
404
1075
397
77
476
159
511
130
46
152
588
40
347
404
66
1308
123
289
50
467
99
85
192
359
330
419
975
787
191
438
1042
805
269
680
33
72
376
648
244
113
446
547
271
96
187
256
860
739
314
1175
538
359
160
87
261
19
876
69
1292
271
1
122
145
36
295
283
842
99
759
856
209
104
0
10
37
339
479
1274
106
250
1
228
346
1251
191
627
992
0
586
271
133
429
30
292
318
1
187
783
21
262
446
280
411
128
797
396
604
418
156
0
503
768
223
360
659
481
206
48
47
154
245
82
160
94
845
426
18
586
358
115
6
720
0
733
348
1117
229
73
483
100
835
9
139
240
473
390
527
365
218
18
919
59
503
2
778
22
419
464
1325
354
79
864
118
138
105
606
8
63
137
35
263
1040
365
14
807
769
268
114
25
28
616
248
521
550
358
561
77
464
769
47
226
111
47
230
1411
188
793
719
310
407
52
157
149
530
622
703
780
22
790
13
187
154
534
467
462
676
213
269
634
22
256
176
591
289
512
663
456
75
547
508
996
614
517
32
5
553
55
36
20
1054
17
407
573
743
476
1155
80
28
1113
79
344
275
584
45
312
923
75
245
59
223
380
93
10
72
980
568
257
1214
51
191
177
25
712
764
394
502
610
1116
106
395
144
514
429
164
79
14
530
722
451
163
116
634
891
477
662
398
112
790
182
443
56
883
652
331
451
281
12
184
504
175
150
494
95
30
353
445
229
11
0
736
225
89
378
868
632
805
160
143
127
57
331
33
771
701
159
10
1148
296
477
149
61
156
48
148
321
243
160
103
708
424
614
47
76
403
695
923
3
914
30
275
507
167
611
634
128
167
217
917
6
397
501
461
218
43
90
966
251
220
234
602
23
249
92
480
11
741
268
314
361
963
334
207
78
351
539
396
137
111
656
533
338
500
218
130
262
69
4
572
298
354
188
369
548
594
240
16
338
15
187
494
32
412
101
344
251
416
89
13
114
23
15
126
102
371
795
70
323
32
357
393
4
23
701
330
257
336
483
200
534
1251
428
143
251
22
653
101
476
633
121
242
20
615
39
294
666
470
29
834
316
8
3
305
226
29
242
0
276
169
282
437
14
608
663
878
23
960
771
57
204
143
115
103
697
650
93
1103
70
1250
12
107
787
624
194
175
507
123
209
33
204
43
12
562
97
64
262
656
731
725
1254
1199
80
67
28
575
186
564
31
16
28
413
295
63
1038
4
757
353
756
103
762
293
386
348
270
354
288
18
142
4
160
1284
257
110
27
920
97
380
22
2
310
889
502
523
6
1427
212
770
674
4
919
3
515
277
1064
902
1080
77
94
21
335
90
263
643
6
7
383
46
382
685
863
936
57
349
297
700
44
125
585
448
896
602
690
9
66
181
117
456
132
534
67
61
19
103
1105
153
13
194
451
1088
474
237
1238
386
183
1056
558
397
313
1205
453
910
806
249
191
108
861
159
30
40
273
485
371
1140
87
497
45
236
847
36
97
1353
137
587
699
13
356
1140
392
17
575
351
1096
602
260
1
39
165
151
356
222
960
349
33
380
602
206
455
181
343
112
19
33
293
1192
517
134
682
83
336
363
489
397
376
9
208
1018
46
403
568
146
464
185
168
342
36
233
459
426
281
547
98
585
249
398
212
475
477
0
545
1350
60
276
461
316
117
705
284
15
153
569
558
336
1218
473
352
464
112
62
96
298
559
147
118
11
67
231
20
339
800
87
131
1162
135
431
201
101
299
382
532
163
43
212
569
94
491
234
762
818
608
41
110
14
49
49
110
31
980
166
470
4
597
1100
139
96
436
119
84
262
316
156
184
217
330
327
692
301
103
804
206
427
33
159
217
187
593
203
100
580
211
1397
87
11
244
615
168
253
17
227
443
25
545
407
176
49
1139
1251
4
163
585
4
108
110
13
278
115
20
84
692
124
97
497
131
9
298
613
62
122
414
23
441
1135
185
110
2
1337
8
26
424
562
362
128
431
431
880
595
679
595
245
211
575
22
669
398
294
41
931
193
171
638
164
238
233
27
155
323
810
217
866
18
300
121
237
197
166
1306
8
857
139
129
158
64
109
7
387
160
35
142
1068
27
208
372
92
213
7
20
72
785
601
7
145
110
150
25
1088
508
387
117
11
907
540
883
259
71
767
483
367
19
548
66
1
541
104
97
31
3
409
422
9
367
392
592
635
382
253
5
266
439
474
52
1042
335
21
167
345
34
558
801
312
564
667
681
13
89
107
1023
7
362
154
456
106
91
102
122
404
182
41
205
57
106
162
847
524
319
581
307
389
260
1042
789
27
273
281
24
825
338
257
80
382
7
4
464
40
1271
162
451
148
217
26
487
934
9
538
93
819
230
111
655
101
197
194
94
758
1267
44
803
216
210
584
43
119
1103
371
168
1197
5
1042
34
1012
511
208
721
520
200
87
570
369
1044
4
499
181
263
285
288
593
778
1150
846
452
1182
301
692
37
27
355
1003
107
2
378
94
699
568
206
1102
117
816
661
126
3
230
143
752
192
606
1124
462
993
378
523
150
747
223
608
98
333
193
623
612
90
26
292
116
239
247
184
248
518
64
138
430
206
4
148
629
823
43
82
363
3
56
459
151
90
326
1145
899
273
382
165
212
318
186
88
39
123
7
16
522
743
27
511
268
117
684
682
1051
517
141
4
245
1069
205
728
12
321
932
25
175
449
813
159
339
167
629
284
276
38
65
228
67
454
185
417
974
754
265
48
306
259
784
1284
371
152
399
93
18
48
350
294
150
329
877
750
1014
156
411
80
90
618
142
35
571
1075
986
220
337
47
188
32
404
99
700
552
756
355
223
937
1068
299
95
129
295
55
207
63
312
6
758
114
94
107
1000
816
151
486
513
520
8
847
352
42
1117
778
194
5
8
173
53
321
640
37
475
57
583
601
620
918
111
2
154
368
168
671
75
1179
526
416
46
155
1032
320
663
824
1129
39
723
166
314
70
561
193
491
78
430
309
296
25
59
30
1186
470
547
788
148
42
1164
740
19
58
1032
252
140
900
980
116
314
297
177
13
97
729
55
54
458
707
508
600
303
401
1
134
390
11
1222
742
159
68
707
498
354
67
573
961
170
173
355
222
397
1068
458
8
146
986
521
471
18
290
357
1208
143
664
537
1133
113
5
630
341
864
289
269
143
386
289
1254
967
468
104
1002
406
484
988
58
460
485
554
3
283
1166
257
447
677
15
422
346
301
915
464
512
382
912
621
18
470
717
217
343
663
196
42
38
69
413
699
863
217
570
63
488
0
1026
750
0
1281
259
1198
247
274
1
723
27
542
44
38
879
196
175
360
1270
190
469
450
14
497
244
295
214
273
1447
50
380
109
445
117
556
506
435
139
149
48
49
184
130
131
80
807
1159
70
100
155
1
119
91
660
586
22
53
665
404
160
696
775
427
815
91
357
393
65
75
186
179
1000
12
689
505
581
256
640
475
59
864
90
277
685
268
287
60
671
232
653
222
470
343
987
282
919
265
661
642
980
3
743
300
456
431
2
249
181
345
609
564
493
285
2
518
49
616
1291
44
295
16
11
173
90
683
447
195
17
64
174
89
1400
180
16
1248
41
65
917
812
1354
46
547
640
78
213
126
416
28
64
557
852
74
107
628
216
119
420
1067
782
585
931
601
387
100
184
749
309
1337
520
1051
671
141
677
23
91
260
482
235
76
99
102
1003
42
1017
193
157
127
564
557
1296
844
66
148
26
330
416
78
135
519
633
728
73
640
0
1124
132
781
33
203
430
73
307
83
7
1220
23
520
103
201
222
345
18
998
150
50
18
44
640
127
777
1166
386
85
339
52
336
239
536
504
205
378
522
1
369
652
288
2
940
366
439
127
297
71
503
239
631
2
680
25
700
892
220
522
346
30
87
347
290
827
116
861
223
751
21
203
256
772
238
756
158
357
10
198
131
54
343
212
1
617
94
211
850
450
459
643
106
128
235
52
20
183
218
523
441
94
448
246
522
98
278
1073
24
71
357
160
691
53
294
915
249
103
616
838
288
747
45
1091
738
123
70
447
177
820
207
558
694
89
140
424
726
514
466
862
253
4
322
32
565
305
535
38
1042
145
656
1144
399
1067
52
198
642
922
292
121
33
277
591
497
739
123
1186
273
220
266
73
1051
990
456
1297
46
1210
383
76
128
589
35
206
214
66
126
742
91
1131
418
92
89
278
267
673
14
8
497
155
14
77
121
634
52
323
185
262
4
875
381
270
399
373
117
453
614
1
324
129
464
372
73
674
997
205
3
297
11
458
888
16
193
27
358
637
336
17
199
365
841
12
456
350
691
823
721
131
1073
48
638
137
107
540
217
187
5
40
769
591
165
11
156
1438
131
374
16
12
284
40
922
28
466
115
18
320
155
149
841
453
263
320
36
284
2
605
18
662
134
8
741
712
867
17
235
525
69
126
244
664
197
1242
179
221
10
638
264
80
337
984
51
392
1168
157
2
257
63
721
349
309
265
101
379
85
1108
83
89
305
695
888
646
30
461
12
1114
191
127
649
151
114
1002
279
136
1042
716
143
199
1074
291
397
64
63
241
556
1039
423
78
208
214
125
142
328
123
53
683
258
12
269
217
1174
118
916
405
557
1256
1242
134
605
282
266
23
20
290
417
19
1
1366
299
275
893
489
387
1205
264
38
94
161
147
338
80
441
762
16
490
114
238
67
32
731
96
961
40
498
651
39
443
693
188
443
275
366
1331
170
95
15
868
282
565
390
777
235
182
162
576
844
124
45
668
1032
19
8
164
122
227
110
408
178
591
1338
166
120
369
498
388
302
156
231
776
69
770
129
474
514
594
714
48
191
56
439
32
533
523
580
451
144
338
223
134
159
140
264
44
410
342
752
1367
16
947
469
112
230
913
403
6
414
225
82
73
506
110
564
863
61
132
820
1009
1164
133
312
299
1067
164
100
19
173
56
308
589
160
102
49
136
107
145
113
108
1129
57
991
332
105
341
604
141
68
308
104
467
411
878
754
424
728
118
63
976
82
960
249
1045
274
951
26
220
392
292
849
844
172
251
54
177
861
15
75
178
31
47
66
291
643
188
486
668
127
639
20
649
165
119
516
48
528
90
336
515
131
52
121
64
120
107
85
1053
540
14
1108
64
39
782
999
187
202
26
5
449
51
310
292
339
123
74
185
15
73
1055
104
683
865
39
111
1274
509
83
524
467
943
47
10
136
6
826
179
99
8
393
224
76
82
53
568
63
200
996
21
932
376
11
213
172
31
125
93
162
30
397
47
10
274
562
275
1126
242
45
834
848
0
281
2
122
45
392
46
102
464
0
694
55
309
486
321
150
150
1174
3
563
111
385
1084
786
77
226
403
43
212
314
897
17
189
435
601
131
111
122
120
166
42
215
348
148
6
125
258
703
380
939
309
720
2
43
406
669
1017
509
702
11
1319
91
174
346
650
68
559
37
38
165
133
806
480
155
21
112
705
558
245
84
292
343
594
745
878
227
89
455
760
5
264
213
194
407
560
44
413
544
238
57
355
7
33
240
49
990
103
362
302
374
340
807
592
11
12
558
914
851
223
60
843
428
462
247
805
248
62
344
54
90
874
453
1302
44
643
309
249
12
578
772
3
174
404
20
124
38
816
791
934
15
314
134
383
373
21
543
1390
124
1072
983
0
152
211
111
518
10
103
334
765
147
765
1039
14
1084
1001
103
1133
302
58
135
1120
165
14
65
40
33
411
126
39
884
150
505
808
925
779
208
1063
851
620
180
184
72
19
188
278
326
6
106
1073
58
42
26
101
456
23
121
499
51
197
5
125
166
65
1
43
506
195
26
504
873
527
24
66
217
122
97
253
9
447
651
156
323
560
599
1366
253
992
447
333
835
460
839
513
24
474
0
44
522
118
1038
1025
571
1160
126
999
48
357
474
805
419
288
576
71
757
170
24
34
460
32
1074
985
373
314
275
317
432
475
709
383
627
114
36
97
140
483
198
542
1249
502
339
400
432
46
188
28
939
292
8
4
341
549
375
83
332
40
109
296
982
76
81
19
106
776
272
355
1236
56
882
264
978
110
380
52
114
326
367
640
853
318
110
272
525
89
539
284
1141
357
83
992
646
651
572
286
486
1103
346
210
328
184
220
109
196
908
72
152
118
101
1348
1101
154
68
52
227
114
301
241
1186
250
27
583
132
130
168
352
843
788
119
269
406
247
10
308
585
860
147
191
642
221
655
967
360
13
164
10
831
183
311
354
354
297
19
0
825
597
194
203
47
167
256
611
390
113
254
894
1090
508
197
51
560
174
864
463
179
149
450
539
352
330
93
230
414
1246
377
307
337
