100
10 2
1 2 3 4 5 6 7 8 9
100 100
-100
7 3
0 12 0 12 0
100 50
0 62 0 62 124 186 124 186 124 62 124 62 0 62 0 -62 0 62 124 186 248 310 248 310 372 310 248 186 124 62 124 62 0 -62 0 -62 -124 -152 -214 -276 -214 -276 -214 -276 -338 -276 -338 -276 -214 -276 -214
100 2
-3228 -470 -1454 -4039 -3924 -4107 -5414 -5811 -5677 -4018 -2022 -1755 -1817 -929 -3312 -4194 -3664 -3179 -3019 -3654 -4833 -3438 -1153 -1986 -1872 -3939 -6366 -4287 -3541 -4095 -2001 -3424 -5770 -3610 -1216 -1472 -2184 -2137 -4064 -5915 -4649 -3813 -3393 -1655 -3063 -4610 -3989 -3059 -1730 -1033 -913 -4057 -3610 -1240 -3462 -3004 -1439 -3011 -4009 -3076 -4628 -6229 -4453 -4273 -3744 -2631 -2544 -1218 -1599 -3082 -2677 -1471 -2346 -2597 -3342 -5129 -5472 -4219 -4052 -4689 -2915 -1283 -3339 -3755 -3080 -4674 -4592 -5279 -5287 -3570 -1645 -620 -1073 -1200 -2096 -2261 -1851 -1953 -2954
100 50
0 171 0 171 0 171 0 171 0 171 0 -171 -342 -513 -342 -171 0 -171 0 -158 13 184 355 526 697 526 697 526 355 184 13 -158 13 184 13 -158 13 -158 -329 -158 -329 -158 -329 -500 -671 -842 -1013 -842 -671 -842 -1013
100 50
0 272 0 272 0 272 544 272 544 816 1088 816 544 272 544 272 441 169 441 169 -103 -375 -103 -375 -103 -375 -103 -375 -103 169 -103 169 -103 169 441 713 985 1257 985 713 985 713 985 1257 1529 1801 1529 1801 2073 2345 2617
100 50
0 46 0 46 0 46 0 46 0 46 0 -46 -92 -138 -92 -46 0 -46 0 -23 23 69 115 161 207 161 207 161 115 69 23 -23 23 69 23 -23 23 -23 -69 -23 -69 -23 -69 -115 -161 -207 -253 -207 -161 -207 -253
100 50
0 392 0 392 0 -392 -784 -392 0 -392 0 392 784 1176 1568 1176 1568 1960 2352 2744 3136 2744 3136 3528 3920 4312 4704 4312 3920 4312 4704 4312 3920 3528 3136 3528 3136 3528 3920 3528 3136 3001 2609 3001 2609 2217 1825 2217 2609 2217 2609
100 50
0 25 50 75 100 125 150 125 100 125 100 125 150 175 150 175 200 225 250 225 200 175 200 225 200 225 250 225 200 175 200 225 215 240 265 240 265 240 215 190 165 190 165 140 165 190 165 190 215 240 265
100 50
0 72 144 72 144 216 288 360 432 360 288 283 211 283 355 283 355 283 211 283 211 139 67 139 67 139 67 -5 67 -5 -77 -5 -77 -149 -221 -293 -365 -293 -221 -293 -365 -437 -509 -437 -365 -437 -509 -437 -509 -437 -365
100 50
0 255 0 255 510 765 510 765 510 255 510 255 0 255 0 -255 0 255 510 765 1020 1275 1020 1275 1530 1275 1020 765 510 255 510 255 0 -255 0 -255 -510 -594 -849 -1104 -849 -1104 -849 -1104 -1359 -1104 -1359 -1104 -849 -1104 -849
100 50
0 -9 0 9 18 9 0 -9 0 9 18 9 0 -9 -18 -9 -18 -27 -36 -30 -21 -12 -3 -12 -21 -30 -21 -30 -39 -30 -39 -48 -57 -48 -57 -48 -57 -48 -57 -48 -39 -30 -39 -30 -39 -30 -21 -30 -21 -30 -39
100 50
0 -191 0 -191 0 -191 -382 -191 -382 -573 -382 -191 -382 -191 0 -191 0 191 382 191 0 191 382 573 382 573 764 573 764 955 1146 955 764 955 1146 955 1146 955 1146 955 1130 1321 1130 1321 1512 1703 1512 1703 1894 2085 2276
100 50
0 8 -62 -132 -202 -132 -62 -132 -62 -132 -202 -272 -342 -412 -342 -272 -342 -412 -342 -412 -342 -272 -202 -272 -342 -412 -342 -412 -482 -552 -482 -552 -482 -552 -622 -692 -622 -692 -622 -552 -482 -552 -622 -552 -482 -552 -482 -552 -622 -552 -622
100 50
0 377 754 377 657 280 -97 -474 -97 -474 -851 -1228 -1605 -1228 -851 -1228 -851 -474 -97 -474 -851 -474 -97 -474 -97 -474 -851 -1228 -1605 -1982 -1605 -1228 -1605 -1982 -2359 -1982 -1605 -1228 -1605 -1228 -1605 -1228 -851 -474 -97 280 -97 280 -97 -474 -97
100 50
-63 -209 -63 83 -63 -209 -355 -501 -647 -793 -939 -793 -647 -501 -355 -501 -355 -501 -355 -209 -63 -209 -355 -501 -355 -209 -355 -209 -63 83 229 375 229 375 229 375 521 667 521 375 229 83 229 83 -63 83 -63 -209 -355 -501 -355
100 50
-811 -443 -811 -1179 -811 -443 -811 -443 -75 -443 -75 293 -75 293 661 293 -75 -443 -75 -443 -811 -443 -811 -1179 -1547 -1179 -811 -1179 -1547 -1179 -811 -443 -811 -1179 -811 -1179 -811 -1179 -1547 -1179 -811 -443 -75 -443 -75 -443 -75 293 661 1029 661
100 50
1844 1516 1844 1516 1188 1516 1188 860 1188 860 532 204 -124 204 532 860 1188 860 532 204 532 204 532 204 -124 204 -124 -452 -124 -452 -780 -1108 -1436 -1764 -2092 -1764 -2092 -1764 -2092 -1764 -2092 -1764 -2092 -1764 -1436 -1764 -2092 -2420 -2748 -2420 -2092
100 50
703 354 5 -344 -693 -1042 -693 -344 -693 -344 -693 -1042 -693 -1042 -1391 -1740 -1391 -1042 -693 -344 5 354 5 -344 5 -344 5 354 703 354 5 354 5 -344 -693 -344 5 -344 5 -344 -693 -344 -693 -344 -693 -344 -693 -344 -693 -1042 -693
100 50
2467 2751 2922 2816 3100 3104 2901 2738 2576 2705 2704 2733 2836 2552 2268 1984 1758 1983 1948 2232 2156 2356 2640 2356 2072 2059 1835 1746 2030 1746 1462 1178 894 610 853 614 875 755 471 187 -97 11 -208 -492 -776 -492 -208 76 360 438 722
100 50
1090 1086 1108 1086 1064 1077 1066 1088 1073 1070 1048 1033 1055 1064 1086 1064 1042 1021 1028 1038 1040 1062 1084 1069 1054 1076 1072 1080 1068 1064 1042 1064 1079 1057 1055 1077 1099 1121 1143 1123 1117 1139 1155 1133 1144 1122 1144 1166 1175 1197 1204
100 50
2483 2572 2207 2572 2484 2178 2529 2894 3259 3624 3259 2894 2855 2880 3086 2865 2500 2865 3230 3595 3589 3411 3512 3147 3109 2892 2527 2162 2352 2263 2091 1735 1698 1333 1233 1598 1753 1388 1591 1571 1711 1346 1711 1346 981 616 251 616 251 -73 -207
100 50
1119 1060 1004 1059 1118 1087 1115 1056 1115 1174 1173 1122 1181 1172 1203 1148 1120 1143 1187 1128 1069 1049 990 1049 1108 1167 1108 1167 1226 1265 1324 1294 1272 1213 1171 1230 1178 1138 1079 1027 978 1037 1096 1137 1196 1237 1178 1119 1108 1124 1183
100 25
-958 -964 -899 -1304 -1045 -1028 -837 -520 -274 -567 -162 -17 53 99 411 285 92 326 358 763 540 135 251 465 216 62 -84 240 298 221 -146 -355 -760 -601 -282 -492 -232 103 165 -175 -112 248 -157 28 -377 28 304 -101 -308 -464 -417 -250 -655 -563 -437 -32 -228 30 -237 -301 -126 -529 -740 -1145 -740 -573 -978 -761 -758 -554 -877 -1121 -1023 -625 -416 -58
100 25
3209 3126 2554 1968 1461 1014 1187 519 191 468 22 204 556 613 949 1231 1850 1854 2106 2110 2176 2153 2268 1756 2383 2712 2244 2148 2066 2080 2542 2442 2834 2494 1826 2031 1636 1865 2164 1896 1282 614 100 40 192 -430 -1053 -1103 -1179 -1521 -2189 -1521 -1504 -1291 -637 -431 -999 -796 -482 -143 320 417 -79 -66 -466 202 284 130 -150 -455 213 881 1484 1404 1787 2453
100 25
-210 -31 -589 13 744 556 327 571 1293 1407 1321 2032 1430 1727 2191 1610 2366 2146 1643 1295 1092 1021 527 1180 1048 891 1468 2224 1468 1493 2157 2913 3425 2817 3459 4215 3616 4310 4769 4456 4314 3608 4090 4469 4061 3508 3613 3367 2736 2628 2860 2210 2199 2708 2189 2281 1729 1226 1868 1375 761 1376 1438 1197 754 747 1169 1443 1820 1959 2114 1795 2551 2505 1989 1236
100 25
-215 -478 -568 -559 -986 -555 -1060 -1083 -1588 -1848 -2353 -1848 -1472 -1450 -949 -1087 -856 -1058 -697 -192 313 69 -409 -914 -431 74 228 329 220 207 281 639 1144 1198 1638 1894 1603 1318 1025 685 334 445 448 44 -8 -258 247 699 976 471 417 21 -484 21 218 77 -262 -482 -389 -894 -926 -1008 -594 -372 -28 420 550 887 786 461 605 193 -286 -319 -190 -557
100 25
1142 1353 1342 1399 1275 1483 1761 2134 1580 1830 2530 2374 2507 2413 2561 3261 3028 2834 3246 3652 4303 3603 2903 2718 3153 2453 2934 3183 3112 2951 3003 3085 3210 3194 3354 2936 2671 2425 2425 2402 2304 3004 3704 3270 3091 2391 3025 3095 3298 2750 3356 3006 2565 2914 2808 2653 2459 2483 3183 2483 2813 2973 3288 3046 2914 2711 2232 2025 2040 2508 2526 2518 2663 2551 3070 2998
100 25
2364 1970 1693 1977 1918 1776 1715 1686 1719 1584 1906 2293 2295 2194 1753 2194 1851 1552 1151 1356 1666 1625 1591 1657 1654 1765 1848 1684 1837 1867 1946 1723 1889 1833 1663 1222 829 903 933 1296 1053 1324 1765 1967 1533 1455 1650 1404 1777 1552 1463 1821 2131 2135 1748 1621 2051 1740 1442 1883 2299 2697 2845 3191 3193 3136 3084 2724 2774 3057 2763 2460 2901 2850 2637 2854
100 25
506 360 -18 123 732 911 1172 970 537 1262 1353 1300 1232 1020 1437 2057 2007 1967 1730 2176 2269 2135 2698 2392 1811 1461 2142 2867 2971 2528 2138 2602 3071 2779 2181 1755 1926 2032 2333 2641 2288 1798 2119 2674 2245 2509 2527 2431 2380 2881 3606 3319 2924 3189 3218 3943 3359 3615 4139 4229 4954 4229 4123 3928 3310 3493 3375 2907 3043 3039 2716 3041 2741 3051 2512 2484
100 25
678 658 642 640 657 717 733 764 775 800 730 764 692 657 598 570 578 608 657 681 659 695 688 734 770 713 700 735 784 830 758 797 791 815 743 741 752 786 858 858 838 853 851 806 817 830 783 718 703 647 693 672 650 615 578 602 556 543 580 635 674 701 691 633 705 717 726 712 777 740 719 696 715 741 807 833
100 25
6981 7494 7043 7553 7372 7636 7055 7111 6667 6346 6219 6619 6436 5824 5308 5418 5656 6145 6538 6672 6596 6858 6562 6586 6586 6535 5909 6000 5374 5656 5520 6038 5633 5968 5873 6021 5977 6331 6713 7141 6837 6920 6957 6811 6615 6702 6598 6699 6142 6658 7272 7403 7493 7646 7979 7893 7649 8247 8523 8807 8663 8933 9205 8844 8537 8582 8425 8479 8759 8329 7724 7806 8315 8743 8567 7981
100 25
6165 6737 7335 7214 7518 6899 6834 6877 6514 6809 6208 5762 6038 6380 6531 6240 6241 6782 7162 6956 6933 7314 6641 6278 6207 6582 5957 5437 5682 5421 5675 5607 5939 5739 5428 5982 6533 6233 6147 6328 6583 7262 7314 6783 6411 6046 5561 5599 5612 5667 5100 5789 6340 5687 5390 5589 5472 5317 5804 6264 5762 5073 5023 4454 4565 4523 4514 3835 3759 3752 3466 4155 4663 4324 4864 5553
100 25
3215 3492 3260 3367 2913 3244 3027 2868 2739 2704 3050 2787 2597 2577 2723 2558 2629 2362 2233 2486 2495 2931 3054 3164 3368 3675 3563 3723 3319 3748 3777 4048 4483 4554 4883 4429 4686 4944 5292 5084 4977 4934 5130 5468 5248 5097 4840 4386 4392 4392 4305 4070 3688 3641 3584 3644 3818 3760 4038 3812 4100 3997 3750 3800 4118 4226 4417 4330 4187 4424 4693 4825 5179 4809 5012 4645
100 25
2969 2809 3068 3096 3214 2823 3087 3398 3441 2851 3213 3796 3981 4258 4270 4132 4242 4533 4047 4645 4276 4579 4545 4411 4202 4447 5044 4481 4802 4176 4371 4057 3982 3867 4035 4225 3752 3180 2860 3334 3672 3636 3872 4365 3987 4241 4322 3715 3372 3837 3353 3397 3411 3585 3833 3954 4250 4655 4542 5015 4434 4518 5134 5176 4748 4829 4784 4171 4319 4456 4419 4604 5100 5002 5037 5506
100 4
-1007 -2086 -822 358 -809 365 2043 -896 -239 -842 -3469 -1403 -395 3428 3821 5057 2822 2294 2598 3278 4111 907 2577 -1811 -3453 -1141 -4060 -1529 -1062 -1588 -1794 -1973 1055 -12 407 -1703 -1501 -827 -792 2322 -694 1357 3916 1679 3811 122 1296 1431 -20 13 -358 -1484 -2310 1365 -1735 -1776 -830 -2266 -2429 -1847 -508 -2074 912 590 -435 937 265 974 3583 1440 -60 1960 1458 2952 2255 2434 2533 5137 7363 4140 2671 361 1663 2362 3151 2485 1875 4642 1889 755 -3085 -5842 -2322 -2339 -1477 1384 -1230
100 4
-1291 -1313 -1572 -1562 -1176 -855 -756 -258 -207 -963 -899 -802 -760 -65 -274 -664 -1204 -1141 -478 -193 472 308 -107 -535 -834 -1075 -460 -48 -77 -310 -874 -1068 -1302 -953 -541 -970 -871 -1100 -1353 -1077 -1041 -466 -940 -531 -691 -1455 -1232 -1041 -1295 -1120 -889 -1546 -1132 -944 -586 -656 -986 -1360 -1585 -1512 -1200 -543 -723 -695 -221 -441 -208 -424 -752 -1293 -1252 -710 -686 102 171 -245 -436 -1114 -1247 -1393 -1503 -954 -726 -533 -561 -1014 -1606 -1057 -1202 -1341 -1562 -2310 -2132 -1851 -1216 -1024 -529
100 4
-2926 -2927 -2899 -2896 -2910 -2941 -2976 -2991 -2960 -2956 -2896 -2859 -2897 -2927 -3004 -2996 -3006 -3006 -2937 -2941 -2919 -2843 -2847 -2858 -2850 -2891 -2873 -2872 -2823 -2853 -2873 -2909 -2935 -2869 -2891 -2833 -2823 -2891 -2914 -2951 -2948 -2893 -2857 -2876 -2952 -2945 -2988 -2961 -2899 -2955 -2938 -2892 -2927 -2932 -2931 -3000 -3011 -3013 -2980 -2967 -2955 -2934 -2995 -2941 -2893 -2899 -2862 -2856 -2904 -2882 -2867 -2857 -2884 -2902 -2936 -2940 -2872 -2860 -2871 -2883 -2917 -2864 -2865 -2921 -2874 -2955 -2957 -2972 -2986 -2979 -2956 -2955 -3004 -2981 -2962 -2887 -2891
100 4
1320 614 -299 951 886 2070 3528 2599 4162 5123 4729 4451 3281 3089 2800 2910 3525 2590 1349 1118 1168 475 1524 2443 2004 2564 3512 2486 1873 2383 1455 1646 3165 2988 3587 3986 2778 1909 1489 2363 1393 1610 1057 -393 608 432 927 3008 4264 4228 4224 4386 2778 2757 2226 2167 2627 2571 1917 1542 826 775 2313 1101 2665 4620 4923 5719 3834 1903 22 237 1812 3432 5431 3866 2793 1247 -796 582 224 1232 2547 1149 2992 2095 999 2459 2241 4033 3802 3147 1697 560 1818 1146 1579
100 2
1302 460 2879 8934 2931 1706 2568 942 -1453 -4132 -4264 501 2443 -2225 -2336 -1178 -429 4189 860 -5448 -3431 -2763 575 -853 2047 8034 4297 4470 4013 -1348 -248 5515 3074 847 6540 6939 1724 -4921 -3984 4159 2704 2588 8188 6173 2701 1329 3611 3322 4945 7518 2129 -3630 -73 3177 3859 -377 -4895 3450 4808 -315 -4290 -7825 -2573 -2723 -6192 -5919 -8726 -8806 -6271 -2186 -344 -4250 -6436 -3937 -2861 2825 4535 -4038 -862 6616 -1442 457 -14 -636 6048 43 -5294 -1374 843 3858 793 -7813 -2396 3018 4017 6990 5613 3614 2984
100 2
1925 -1644 -631 3039 5451 956 -1655 -2151 268 6646 5300 -1417 -4620 -4507 -6279 -2188 -3153 -4247 2269 5139 4083 3725 3677 4176 2174 -1658 -3013 -4056 -6676 -4209 -835 -4093 -534 836 -2523 -1353 3092 5531 -612 -2975 -3289 -435 3223 -2656 -1254 3802 4969 4639 -341 -2171 -3603 -6868 -188 7635 4573 -327 508 -1308 -3700 -4738 -8288 -5302 -836 3692 4832 3878 4555 6095 4498 1381 -1466 -1151 -984 -4097 -511 -2712 -5271 2067 424 -2833 1352 5115 1316 -4395 -83 5624 3615 2950 -1085 -3027 -65 -829 -1131 -3548 -501 -2530 -5295 1112 5864
100 2
-4775 456 64 -189 2552 -1845 271 -509 -1069 -1685 -4253 -2770 -3213 -4088 -5892 -2700 1795 3678 1676 -895 392 3192 1639 -4978 -4603 -4053 -1192 5135 6362 5360 527 -1622 2602 -665 -877 -693 -1407 1284 2820 4530 -1110 -4502 -1645 3546 4070 2754 -1882 -5568 -2712 -582 2589 1943 475 3174 5506 779 -4324 619 -1427 -2604 -1040 -1145 1026 720 -1867 -6752 -6806 347 3783 -1707 -112 3967 926 -3207 -4512 -1444 3724 1673 -1210 1015 207 -3219 -4309 -2975 -3909 -2175 -3009 -1235 4843 1037 -1599 -2166 -2619 -3790 -5287 -1615 -2190 -5601 -2878
100 2
3138 1158 1775 1609 1596 2253 1453 3052 2804 2977 3145 1363 2888 3393 2294 1132 2003 3118 1854 3110 4159 2692 1801 2514 4255 2807 2160 2766 2566 2326 1203 1034 2393 3256 3883 3606 2069 3463 4692 3499 2212 1965 2178 2859 1854 1413 3368 2871 2145 3063 3462 2928 1891 776 737 750 874 2465 2719 1629 1078 3001 2492 1759 2648 3101 3202 1631 1392 2186 1653 300 1341 2883 2326 1546 2220 3531 2771 2701 3254 3055 2169 1132 3228 3724 1415 649 3082 4645 2500 655 2003 2177 467 283 1319 2226 2046
100 2
-4943 -6531 28 -6091 -8097 -6006 -5414 3506 -2197 -6382 -95 -9679 5166 -8748 -3394 6353 941 6388 9567 -6076 7758 2333 -4226 -5954 6012 -7349 1003 -6929 -5180 564 7396 4995 -9390 -7638 -5951 9648 8084 1258 -5914 -2927 -6830 1944 -4412 5869 -3261 357 986 5509 4573 -7378 9879 9645 2326 -273 -8851 2331 5882 6650 -838 936 6982 -6726 -6850 94 -9397 9329 -8614 -5358 -4100 -6054 -8048 1839 -3408 9123 6026 -6476 9579 1869 -974 3592 -6086 8383 -3104 -3700 -2245 1652 3880 -804 -4273 -7355 4846 -1297 -2256 1747 -96 -4061 5433 -1647 -9916
100 2
1703 9990 -4819 -4296 9218 4443 5474 8320 -5536 -1639 -5908 -7472 -1259 -6549 4031 -9492 -9793 -3641 -3373 6901 8669 -9835 -10 6769 -4390 4371 8490 9029 -1139 -2605 7597 -9630 -1519 -6565 4771 -2372 9848 2552 -6323 -7107 -7566 4962 -24 1026 941 -2779 311 6623 2286 7429 -5695 2936 453 3060 -8276 -2338 -2190 -8276 171 2648 -5253 2313 -7375 -8678 -442 7247 -1203 6012 -4443 7438 -1745 9296 -8373 -5586 -1252 -1261 -7671 6276 9739 4350 2388 7354 8932 3937 7032 4064 -7362 -1323 -7471 2651 8944 -4993 -1944 -5177 7 -1214 8867 4278 1016
100 2
-1624 -4739 9413 -8451 9596 -4664 834 904 404 4530 -2673 -6673 6937 -3831 -2574 -1117 -2397 -6262 -535 -2824 -3398 -4075 6417 -489 7799 6654 7554 -6157 -3559 5347 -7125 -8169 1794 -9149 9407 -6481 2427 2146 -9283 8658 9326 7250 9895 -9166 -4971 3819 -8531 423 4186 5332 -7930 -4847 -4946 -4132 -8295 -8786 -8811 -1314 -6304 -6106 828 1000 6792 8269 288 -9955 7513 2102 7640 4274 5430 6846 -5099 7170 1917 -4428 7384 -8566 -2943 7551 1200 7456 807 5556 370 6326 -6078 1949 5235 -907 -815 3278 6959 2393 -5530 -891 3484 834 5383
100 2
-5457 -1497 4082 -6317 5342 -423 -1285 2292 -9204 -9710 1089 -9338 7126 1777 -1467 -6603 -1211 9833 -2548 -7478 -1960 -8188 -191 7173 2188 -144 9296 -8720 -8849 -982 -2214 9275 -7235 4008 3795 -5623 -4156 9062 -462 -6147 -1122 -9082 2126 2286 6394 -9354 9246 -691 3820 -2373 -3134 -6769 7675 -5378 8533 2900 -2520 -7299 1458 -5747 -8531 -5958 -8322 -8464 8804 6032 1607 -128 -4667 -8805 -8372 -8806 -4878 426 9484 3964 1296 2580 -8188 500 -6428 -7460 -3023 8339 -3574 8392 5095 -973 3208 -9390 -1531 -9397 5970 -3860 -5432 -9521 -1898 -8443 5751
100 5
9223 9044 -3191 2398 -2928 -3675 -4696 -8158 4824 -3346 -7351 5830 6619 3756 -7166 1657 -954 4751 4865 -9757 601 8407 -8473 -7481 -1820 -7460 -472 -5771 -1025 -7110 1322 -3264 -9035 6704 2217 -603 9696 -9888 -6205 5067 -8822 3382 -4420 -1789 -2956 -8842 -2631 3547 5179 -1741 7422 720 8228 1990 -528 -5764 8444 -6928 1565 -1661 -8107 8120 -6978 3300 4141 382 6507 4909 5326 7758 176 -511 2214 -423 2709 -8232 7266 7652 6966 4622 -9720 4377 6082 -4381 5541 -1720 -1882 8481 7743 -9700 -7642 6198 6727 -207 5483 1483
100 5
-5086 8112 -9013 -27 5478 -3484 1522 -3209 3233 4203 2940 -3900 -9718 -7097 5089 -8862 9564 403 -1730 -8304 -7177 4440 -1534 3295 -6183 -3488 4069 2371 6083 9009 -7972 9244 -5213 -7145 -6416 -5711 -3649 9796 -3499 -8105 -8350 1342 -5493 4961 9859 -37 -2717 -7572 -1121 6061 4357 4059 -7953 -876 7087 -9819 4423 -3297 -8692 1811 -3751 4690 -4762 6809 5729 134 -5521 3697 1964 -8724 1047 -1296 2316 920 9636 8865 -8149 7471 3240 -7243 8032 320 4758 8593 -1373 -3758 -7077 2899 469 -4801 1945 -8500 -1918 7968 6606 4008
100 5
-2964 9978 7664 4171 7001 7511 4771 -4388 9839 -554 -828 1490 8095 -7657 4786 -2730 3659 8711 -1832 6125 8211 2123 -8851 543 -5579 -988 -1754 -1195 4763 4286 -4886 -9774 -7889 -363 -5544 9969 7042 -7793 -3020 -3025 3566 4227 1771 -7854 -5146 216 -4080 5632 4194 3226 5456 5901 -5842 -4128 -8843 9669 2841 -9959 -2833 -8767 2659 3834 3417 8253 -1788 4182 6785 -8857 6069 -297 703 444 8056 2736 -7569 -2068 625 8117 -3116 7166 4306 422 -3209 7926 -3603 -5041 -7302 2830 -3633 4897 2685 -3789 7392 953 -7781 -9682
100 5
-6920 -7322 -2663 2717 2067 -6512 6738 3250 -622 -8363 -1642 -93 2995 -2561 -2471 -628 4866 3397 -7931 7012 8517 -170 -3199 9445 852 173 -5651 -2931 8234 5994 -5561 -2346 7327 -3942 938 -7913 5040 2598 3619 -2403 5731 -3271 -7253 7119 8003 5768 -5182 7401 9540 -1622 6400 -8817 4428 -4796 -2493 8907 -560 4379 3228 3726 6076 -5807 3730 7329 -9699 1011 -1306 1920 9703 2933 -1142 -724 -8507 -5979 4720 -5700 -6010 -332 6382 -741 5903 5065 -2093 -9267 4494 8866 4251 1309 5248 -262 149 4592 -1105 -7322 -860 6615
100 10
2015 3714 -4652 -3397 -1433 6182 -8773 5116 8897 -6353 -7276 9401 4525 -3249 -8544 -5902 -2773 -8337 968 -3917 4966 -1911 7849 -9608 5367 -8106 5001 -4134 -1561 2561 -6785 3279 4794 5443 -8292 -2793 7147 -1536 -3358 -2680 8325 -2746 7688 2677 2077 -8356 423 -5563 -5307 5663 4134 -6328 5358 -5831 8311 9030 -7380 5646 -1911 -9752 -7081 486 -8549 -6239 -218 -1528 490 9607 4678 4541 5565 -6472 8148 -2917 -2222 -7628 6477 -8221 3784 -2418 -5129 6922 4031 7681 -8849 320 3127 2057 738 7671 3702
100 10
-20 -2354 -7969 7502 3371 -8905 -125 1345 4755 -4918 8739 6660 -3980 645 4589 9933 8519 -4064 -2 1789 5564 -9520 -2327 -5736 415 4351 7484 -7915 -202 -2672 5102 -693 453 1251 2613 7349 -7396 -3357 -4245 -8681 -1294 -1614 -2964 7244 -8818 -4175 9526 -8830 1884 -2166 6294 4661 -4361 -6560 4897 8254 -2162 2682 3676 -9968 -6310 -8821 7291 -9500 304 1037 -9911 9498 45 4461 -2020 -352 -3599 7780 8562 2934 -7287 -3727 -8539 7608 -3037 7832 -9901 -8831 -6412 513 -5846 5536 -6521 -5533 7453
100 10
8395 -6958 -147 6253 1711 -1096 -1109 3641 -7570 -1081 -5492 -3075 9010 2819 6033 -570 -6932 -6633 2424 4734 -7772 6816 -5732 -7483 -6050 -3175 -1647 -1502 -8359 9868 -9880 2215 572 -5761 8164 2990 -1905 -6748 6115 -908 -3897 -9520 6299 -5349 6411 -3059 8699 -1249 3931 -1632 5375 -5430 -9205 -2924 -3002 -8841 6030 7199 6834 -709 2604 7193 -6543 -1589 9649 6859 8778 -8006 3007 -6403 -89 7237 -5967 -8064 3475 6142 -7250 -5186 -2314 -1703 -6992 -5212 6746 -5848 8106 -282 7271 -8069 -1513 5760 3789
100 10
4432 6108 6558 -7862 6558 6496 3030 1172 4783 3680 -3192 8873 -2850 -4199 -1902 3721 -1897 -338 -4949 -3238 7286 -1493 -4615 -5204 -6023 6469 -6508 9510 3289 957 -286 -9461 -6117 -9859 1556 9508 -5683 5747 -6031 7244 2567 -6312 8089 372 -9252 -7577 2095 -623 -2286 -4040 -2972 -5260 -6929 -285 -2934 3692 -5107 -1419 1191 -4307 -9741 9170 469 6308 -5858 7586 5517 7890 6918 -3659 -8167 -5763 -9760 8014 1649 -1707 -4086 -1871 268 -2220 -2198 -9519 -8229 8407 6448 837 1342 321 8137 -2071 -1202
100 100
-5015
100 100
-1942
100 100
-829
100 100
2257
2 2
5825
5 2
2393 3587 8452 -9707
10 2
-1433 1877 7231 3115 -6851 -6277 -2857 -810 9398
100 100
-9994
100 2
-10000 10000 -10000 10000 -10000 10000 -10000 10000 -10000 10000 -10000 10000 -10000 10000 -10000 10000 -10000 10000 -10000 10000 -10000 10000 -10000 10000 -10000 10000 -10000 10000 -10000 10000 -10000 10000 -10000 10000 -10000 10000 -10000 10000 -10000 10000 -10000 10000 -10000 10000 -10000 10000 -10000 10000 -10000 10000 -10000 10000 -10000 10000 -10000 10000 -10000 10000 -10000 10000 -10000 10000 -10000 10000 -10000 10000 -10000 10000 -10000 10000 -10000 10000 -10000 10000 -10000 10000 -10000 10000 -10000 10000 -10000 10000 -10000 10000 -10000 10000 -10000 10000 -10000 10000 -10000 10000 -10000 10000 -10000 10000 -10000 10000 -10000
100 10
-10000 10000 -10000 10000 -10000 10000 -10000 10000 -10000 10000 -10000 10000 -10000 10000 -10000 10000 -10000 10000 -10000 10000 -10000 10000 -10000 10000 -10000 10000 -10000 10000 -10000 10000 -10000 10000 -10000 10000 -10000 10000 -10000 10000 -10000 10000 -10000 10000 -10000 10000 -10000 10000 -10000 10000 -10000 10000 -10000 10000 -10000 10000 -10000 10000 -10000 10000 -10000 10000 -10000 10000 -10000 10000 -10000 10000 -10000 10000 -10000 10000 -10000 10000 -10000 10000 -10000 10000 -10000 10000 -10000 10000 -10000 10000 -10000 10000 -10000 10000 -10000 10000 -10000 10000 -10000
100 20
-10000 10000 -10000 10000 -10000 10000 -10000 10000 -10000 10000 -10000 10000 -10000 10000 -10000 10000 -10000 10000 -10000 10000 -10000 10000 -10000 10000 -10000 10000 -10000 10000 -10000 10000 -10000 10000 -10000 10000 -10000 10000 -10000 10000 -10000 10000 -10000 10000 -10000 10000 -10000 10000 -10000 10000 -10000 10000 -10000 10000 -10000 10000 -10000 10000 -10000 10000 -10000 10000 -10000 10000 -10000 10000 -10000 10000 -10000 10000 -10000 10000 -10000 10000 -10000 10000 -10000 10000 -10000 10000 -10000 10000 -10000
100 100
-10000
100 3
-10000 10000 -10000 10000 -10000 10000 -10000 10000 -10000 10000 -10000 10000 -10000 10000 -10000 10000 -10000 10000 -10000 10000 -10000 10000 -10000 10000 -10000 10000 -10000 10000 -10000 10000 -10000 10000 -10000 10000 -10000 10000 -10000 10000 -10000 10000 -10000 10000 -10000 10000 -10000 10000 -10000 10000 -10000 10000 -10000 10000 -10000 10000 -10000 10000 -10000 10000 -10000 10000 -10000 10000 -10000 10000 -10000 10000 -10000 10000 -10000 10000 -10000 10000 -10000 10000 -10000 10000 -10000 10000 -10000 10000 -10000 10000 -10000 10000 -10000 10000 -10000 10000 -10000 10000 -10000 10000 -10000 10000 -10000 10000 -10000 10000
100 11
-10000 10000 -10000 10000 -10000 10000 -10000 10000 -10000 10000 -10000 10000 -10000 10000 -10000 10000 -10000 10000 -10000 10000 -10000 10000 -10000 10000 -10000 10000 -10000 10000 -10000 10000 -10000 10000 -10000 10000 -10000 10000 -10000 10000 -10000 10000 -10000 10000 -10000 10000 -10000 10000 -10000 10000 -10000 10000 -10000 10000 -10000 10000 -10000 10000 -10000 10000 -10000 10000 -10000 10000 -10000 10000 -10000 10000 -10000 10000 -10000 10000 -10000 10000 -10000 10000 -10000 10000 -10000 10000 -10000 10000 -10000 10000 -10000 10000 -10000 10000 -10000 10000 -10000 10000
100 21
-10000 10000 -10000 10000 -10000 10000 -10000 10000 -10000 10000 -10000 10000 -10000 10000 -10000 10000 -10000 10000 -10000 10000 -10000 10000 -10000 10000 -10000 10000 -10000 10000 -10000 10000 -10000 10000 -10000 10000 -10000 10000 -10000 10000 -10000 10000 -10000 10000 -10000 10000 -10000 10000 -10000 10000 -10000 10000 -10000 10000 -10000 10000 -10000 10000 -10000 10000 -10000 10000 -10000 10000 -10000 10000 -10000 10000 -10000 10000 -10000 10000 -10000 10000 -10000 10000 -10000 10000 -10000 10000 -10000 10000
100 99
-10000 10000
100 83
400 8358 5539 -697 -4621 8249 -6810 876 -8757 -6999 2279 -7321 -1584 4047 -409 4400 -7053 4579
100 48
1859 8105 6120 -4945 -8271 323 2273 19 -2220 -1970 -4814 -5418 9825 -920 5332 9582 1621 -9662 -2697 9292 -6321 -606 925 4319 -8524 -3916 -9512 9405 -8889 4411 -8052 -2686 7902 1128 -2383 3180 -3922 -6412 -274 -8006 -9633 -1793 -3868 4052 8976 233 -6039 1851 -3344 7956 -9904 47 7030
100 93
4449 -8795 8307 -3076 -3443 -3652 7414 4035
100 26
3461 -6029 -1378 6770 -708 7909 9665 9323 4419 7799 4035 -5040 7298 5933 -9057 5149 -5981 560 1293 6299 -9169 -7135 -24 7892 7440 8064 -9015 8488 6023 4239 -2251 6607 2530 -1045 666 4037 4312 4481 328 -5942 3780 -3540 6553 9495 6801 3047 8453 7076 2690 -4005 472 4157 4183 9838 2177 -9347 2356 9967 6358 7044 -1591 -1168 8302 1151 -4043 4246 1752 -1037 5247 -8770 -9771 -8927 6867 -2504 1403
100 5
-9828 -403 9288 -9600 5245 7852 -2580 -7241 -256 -4458 -653 8267 -1235 5250 4489 -4599 5001 -6252 4171 2996 8100 9731 -1300 8742 -9216 -9050 -1204 3811 -9136 -2325 -3323 -1810 4280 4926 -9131 9601 -2221 8720 -4650 -8498 2009 -7996 -5248 4551 -5926 -5644 8232 2171 2172 -5816 1347 7453 -4761 -706 7328 1869 8699 -2785 -4637 -4998 -8163 9684 -1705 4075 7032 -4186 -8979 4615 -2209 -2843 -7649 -2074 -5976 3796 6746 3891 200 790 4363 4762 1129 4974 8455 -3684 5054 1874 8269 -9655 2482 -3540 -2644 8624 8779 6397 -624 -9865
100 13
-2644 2868 543 6074 1097 -1965 -9203 8184 -5372 -8749 6163 8971 1580 9699 8112 -4686 7064 9630 -9529 969 9729 1738 -9558 -5196 -9336 5280 5646 8114 551 -6770 -1642 4432 -6990 5309 -9711 7919 -5096 -5812 7361 -5967 2874 -5754 3906 5684 -1998 -5568 -4870 1553 3665 1851 -3611 6778 -8510 1619 -7286 8262 9835 9927 -6881 8406 1950 3592 817 7685 -1170 4368 8198 3244 -2603 -993 -296 -2532 6604 8660 -3462 -3728 -4910 -7090 -1906 -7130 1761 3445 -5064 -8426 7568 1826 -660 2861
100 32
-7888 -6960 4653 9183 9751 -4561 -7144 3143 1348 7350 9314 -7725 -9827 4570 -691 -5780 -6875 -2447 927 -7494 -9885 -8752 -9909 6719 -6779 4336 6966 2586 7911 -1826 -1954 -508 -5440 7923 9824 -7741 3852 27 1196 1068 5117 7016 -6469 -1332 -3857 -3395 -260 3344 9324 -4827 -8300 3282 -603 1247 -1738 9655 6527 4385 -8651 -1019 -7642 5683 1194 -9241 -2027 4686 1743 239 8646
100 51
-9822 6452 1923 4922 -8640 -4131 5677 9629 9160 -8353 7008 -3076 -1126 8186 4061 738 3762 -8306 1411 -6321 -4899 -7951 -3410 -8735 4501 -9631 -9442 -6908 -102 1281 9417 1117 7575 9779 3403 409 -5481 -8577 2685 3745 -4281 4338 -221 -7507 -2425 3246 5495 2340 454 9152
100 48
-7843 -1806 -7625 -1226 2586 3440 -1 1797 7643 -8306 -5523 -9051 -7350 -7455 899 6670 -2837 -2292 -8377 9917 -3065 2924 7564 -8152 2673 9345 1038 -8913 -6313 -7453 -7443 2082 90 -814 -9405 4692 -1267 -7917 7542 7901 -7121 7493 7249 6587 -2861 -3874 -7264 1177 71 -2441 -1791 2057 -4204
100 63
-548 -51 -4289 4050 7315 -4029 3243 -8906 -9838 -8936 -7747 5877 9359 -6814 9392 -3025 4546 -2555 5073 -450 -9828 4134 5983 -6193 1010 -5731 -6575 2962 7986 -9683 -997 -9393 -5388 -8409 2439 4851 -4290 2084
100 11
9333 -6530 -9883 7094 2523 -7254 -2860 -7859 2643 -4701 8425 -316 9817 1377 -697 1544 9912 -7728 6181 2251 -8599 7682 -4350 -3449 3623 5573 5220 -5858 9664 3839 -8669 -5738 -7091 -160 6714 1830 6817 4292 -8501 7957 4765 -1391 -871 -7006 9463 -4349 8106 -2796 8365 -6165 9334 -8490 2306 5777 -3915 -7883 1949 -8267 -7955 2637 -8912 4755 1960 -1366 4476 -5302 5611 6043 -2551 -272 -7649 2479 8858 -675 4656 220 9384 -9230 7880 -959 -4070 -285 -3778 -6034 755 3727 6809 -2177 -6434 2527
100 17
-9475 -9544 -5753 9700 -6869 250 338 4363 -7133 4916 6958 8937 -9552 -1965 -8404 -6275 -9258 3443 2348 -2087 7248 5040 3092 8575 -273 -5855 -2691 -5023 -3313 -3330 4334 750 -7804 3744 -3113 4846 7346 1197 9825 5494 5395 1882 1274 31 -1241 -4506 -4989 -2796 -904 -3824 -6147 -8616 -1059 -7959 -3658 -130 -5420 5123 2539 -6055 4837 7432 -2350 -3781 6936 8860 826 8058 6577 2770 2285 9101 -1845 6409 9659 -1585 2352 1881 -2786 7593 -6367 0 -3575 3449
100 17
-7726 -6536 -5687 -9155 -2477 3951 8482 -4441 3010 944 6501 7096 5448 6774 -6428 -2960 3525 1965 5812 -7859 -6681 2730 38 306 4007 -2161 -5005 2434 -6879 2636 -5206 -3658 4871 9355 5344 -5292 9329 3954 174 8604 -5602 9739 3970 6759 2643 -5362 -7044 174 8876 4001 -9134 1605 4769 -1762 5320 -542 5577 3772 3894 9582 839 -5926 -5965 -2000 -6276 -8707 -1945 9182 -968 6724 -663 -8263 -5193 4871 9791 -6175 -5101 -3099 5971 2776 9330 3420 -2807 -9788
100 98
-6358 5416 7684
100 43
-6080 -529 5239 1904 2444 1545 -9863 -2707 9911 3817 7257 -7436 7638 6083 8395 -2763 -652 -5498 -2958 -4666 -1832 -2403 5178 5310 9858 9554 -2036 -6524 1404 7185 7826 4647 5542 -889 1902 821 8695 3639 8764 -8290 -9592 4921 -9529 -2447 7796 7458 -290 -8198 -6561 9927 10 108 5219 6455 9967 4491 2152 -8363
100 96
8747 1877 7956 1612 -9929
100 43
2036 1139 -1102 -3612 -2476 3833 -2577 4709 -4694 6577 -8036 244 2393 -851 -768 8351 -8745 4901 -624 -3235 5186 5816 1574 5387 -9811 1033 3449 6193 -4874 -9601 545 2922 6248 -322 7934 -2779 9158 -1774 -8642 -6379 -8945 -4291 8762 -9884 -6719 3101 1118 -9737 9533 5953 -6345 2035 8834 -8368 -5694 -9798 3414 3736
100 41
32 -8042 -6600 1338 8440 -2787 -5674 9508 3723 7421 1581 -7945 3698 -5706 -3070 -9929 3791 1552 -9054 -3064 3818 -5527 -5260 -3791 -9127 592 3089 7629 -686 2933 -5124 -965 5923 7694 -7776 -144 3822 -195 1052 -7006 -5832 -4857 -4111 4682 -4279 -5974 -4841 793 -3791 -775 -1973 -8378 -3779 4822 7043 718 -1843 -6938 9297 -8344
100 44
2684 -3350 -3718 -4251 9650 -2402 8022 6280 -9568 837 9857 -7199 9171 -4721 2791 6636 8751 5743 -7609 -8527 8105 357 -1343 -5576 -6497 6434 -6354 -8756 -813 9422 -5678 9039 7726 -3421 -7309 9429 -267 5805 -7515 7679 7122 2102 2751 5297 4831 -6718 -1923 309 1755 -5435 -317 -5656 6335 4027 -1926 1072 -3046
100 55
-9986 9731 5368 2927 -6399 8366 -602 1474 -722 6957 -4856 2379 9920 -2576 -7663 -3782 6942 -4473 -4906 -3076 -9252 -1553 -1360 -5738 -3100 9667 -5619 5086 7586 2384 -7979 4024 9725 -5770 8693 -8403 1664 -1882 6768 -4779 5413 -4326 -9521 -6058 8179 -2375
100 42
-7620 -6287 -1551 3483 -9810 5194 2994 8954 -471 -1909 -6094 -9333 8774 773 -9461 -383 8848 -2922 7132 -3118 1660 -1155 -7013 -7015 -9333 533 8421 2174 -608 -4457 -7752 -6697 -7866 -6993 -3243 1745 7675 6452 3403 -3152 6804 -426 9700 -2389 6141 -2752 -642 -9463 -4706 580 -287 -89 4611 128 -434 -4995 7362 3165 5357
100 84
-4189 -5438 -7739 -4244 1319 -8250 -5441 -8591 83 5769 -9413 -3097 -3246 -4878 -5153 5146 -5848
100 92
-8036 -1356 893 5512 570 2445 569 -93 5303
100 99
1588 1105
100 99
9203 2801
100 46
-2423 -7574 3845 -5257 -4677 3874 -4254 -8008 4359 -9275 2889 8579 -3900 -9292 -5698 2515 8561 1038 -836 3307 4203 -1913 -554 6456 -550 -9537 1423 3916 -7158 -5068 9466 8136 3539 -6123 -9027 6583 -3252 -6939 -460 -9439 5171 -9606 -8370 -140 -8401 5061 -8279 -3703 2426 -8139 -3854 2403 7304 6169 3722
100 95
-6800 -5103 -5386 -1411 200 -983
100 29
-4947 8410 -7330 -5668 5345 -8276 4763 3804 5025 3320 6865 -823 2207 -9403 3827 9141 -9627 -4304 7284 -2253 -9840 6818 6043 8813 2745 -7938 7282 -6741 -6709 -8441 8803 8096 1081 2197 -1664 -4533 -3786 -8762 4856 143 6252 2857 -1659 3558 -3973 -3763 9638 6728 3469 9333 -7931 -1736 4383 1195 -1287 8961 -9694 -9810 -269 1757 -7119 -1311 -1954 -541 2881 -8153 2695 -7224 9527 -2073 5671 3859
