100
10 2
1 2 3 4 5 6 7 8 9
100 100
-100
7 3
0 12 0 12 0
100 50
0 62 0 62 124 186 124 186 124 62 124 62 0 62 0 -62 0 62 124 186 248 310 248 310 372 310 248 186 124 62 124 62 0 -62 0 -62 -124 -152 -214 -276 -214 -276 -214 -276 -338 -276 -338 -276 -214 -276 -214
100 2
-3228 -470 -1454 -4039 -3924 -4107 -5414 -5811 -5677 -4018 -2022 -1755 -1817 -929 -3312 -4194 -3664 -3179 -3019 -3654 -4833 -3438 -1153 -1986 -1872 -3939 -6366 -4287 -3541 -4095 -2001 -3424 -5770 -3610 -1216 -1472 -2184 -2137 -4064 -5915 -4649 -3813 -3393 -1655 -3063 -4610 -3989 -3059 -1730 -1033 -913 -4057 -3610 -1240 -3462 -3004 -1439 -3011 -4009 -3076 -4628 -6229 -4453 -4273 -3744 -2631 -2544 -1218 -1599 -3082 -2677 -1471 -2346 -2597 -3342 -5129 -5472 -4219 -4052 -4689 -2915 -1283 -3339 -3755 -3080 -4674 -4592 -5279 -5287 -3570 -1645 -620 -1073 -1200 -2096 -2261 -1851 -1953 -2954
100 50
0 171 0 171 0 171 0 171 0 171 0 -171 -342 -513 -342 -171 0 -171 0 -158 13 184 355 526 697 526 697 526 355 184 13 -158 13 184 13 -158 13 -158 -329 -158 -329 -158 -329 -500 -671 -842 -1013 -842 -671 -842 -1013
100 50
0 259 0 259 0 259 518 259 518 777 1036 777 518 259 518 259 489 230 489 230 -29 -288 -29 -288 -29 -288 -29 -288 -29 230 -29 230 -29 230 489 748 1007 1266 1007 748 1007 748 1007 1266 1525 1784 1525 1784 2043 2302 2561
100 50
0 325 0 325 0 325 0 325 0 325 0 -325 -650 -975 -650 -325 0 -325 0 -122 203 528 853 1178 1503 1178 1503 1178 853 528 203 -122 203 528 203 -122 203 -122 -447 -122 -447 -122 -447 -772 -1097 -1422 -1747 -1422 -1097 -1422 -1747
100 50
0 252 0 252 0 -252 -504 -252 0 -252 0 252 504 756 1008 756 1008 1260 1512 1764 2016 1764 2016 2268 2520 2772 3024 2772 2520 2772 3024 2772 2520 2268 2016 2268 2016 2268 2520 2268 2016 1790 1538 1790 1538 1286 1034 1286 1538 1286 1538
100 50
0 226 452 678 904 1130 1356 1130 904 1130 904 1130 1356 1582 1356 1582 1808 2034 2260 2034 1808 1582 1808 2034 1808 2034 2260 2034 1808 1582 1808 2034 2032 2258 2484 2258 2484 2258 2032 1806 1580 1806 1580 1354 1580 1806 1580 1806 2032 2258 2484
100 50
0 222 444 222 444 666 888 1110 1332 1110 888 738 516 738 960 738 960 738 516 738 516 294 72 294 72 294 72 -150 72 -150 -372 -150 -372 -594 -816 -1038 -1260 -1038 -816 -1038 -1260 -1482 -1704 -1482 -1260 -1482 -1704 -1482 -1704 -1482 -1260
100 50
0 351 0 351 702 1053 702 1053 702 351 702 351 0 351 0 -351 0 351 702 1053 1404 1755 1404 1755 2106 1755 1404 1053 702 351 702 351 0 -351 0 -351 -702 -890 -1241 -1592 -1241 -1592 -1241 -1592 -1943 -1592 -1943 -1592 -1241 -1592 -1241
100 50
0 -47 0 47 94 47 0 -47 0 47 94 47 0 -47 -94 -47 -94 -141 -188 -145 -98 -51 -4 -51 -98 -145 -98 -145 -192 -145 -192 -239 -286 -239 -286 -239 -286 -239 -286 -239 -192 -145 -192 -145 -192 -145 -98 -145 -98 -145 -192
100 50
0 -249 0 -249 0 -249 -498 -249 -498 -747 -498 -249 -498 -249 0 -249 0 249 498 249 0 249 498 747 498 747 996 747 996 1245 1494 1245 996 1245 1494 1245 1494 1245 1494 1245 1451 1700 1451 1700 1949 2198 1949 2198 2447 2696 2945
100 50
0 98 -26 -150 -274 -150 -26 -150 -26 -150 -274 -398 -522 -646 -522 -398 -522 -646 -522 -646 -522 -398 -274 -398 -522 -646 -522 -646 -770 -894 -770 -894 -770 -894 -1018 -1142 -1018 -1142 -1018 -894 -770 -894 -1018 -894 -770 -894 -770 -894 -1018 -894 -1018
100 50
0 350 700 350 625 275 -75 -425 -75 -425 -775 -1125 -1475 -1125 -775 -1125 -775 -425 -75 -425 -775 -425 -75 -425 -75 -425 -775 -1125 -1475 -1825 -1475 -1125 -1475 -1825 -2175 -1825 -1475 -1125 -1475 -1125 -1475 -1125 -775 -425 -75 275 -75 275 -75 -425 -75
100 50
538 372 538 704 538 372 206 40 -126 -292 -458 -292 -126 40 206 40 206 40 206 372 538 372 206 40 206 372 206 372 538 704 870 1036 870 1036 870 1036 1202 1368 1202 1036 870 704 870 704 538 704 538 372 206 40 206
100 50
835 867 835 803 835 867 835 867 899 867 899 931 899 931 963 931 899 867 899 867 835 867 835 803 771 803 835 803 771 803 835 867 835 803 835 803 835 803 771 803 835 867 899 867 899 867 899 931 963 995 963
100 50
548 511 548 511 474 511 474 437 474 437 400 363 326 363 400 437 474 437 400 363 400 363 400 363 326 363 326 289 326 289 252 215 178 141 104 141 104 141 104 141 104 141 104 141 178 141 104 67 30 67 104
100 50
262 123 -16 -155 -294 -433 -294 -155 -294 -155 -294 -433 -294 -433 -572 -711 -572 -433 -294 -155 -16 123 -16 -155 -16 -155 -16 123 262 123 -16 123 -16 -155 -294 -155 -16 -155 -16 -155 -294 -155 -294 -155 -294 -155 -294 -155 -294 -433 -294
100 50
3495 3874 4046 3892 4271 4474 4254 4020 3672 4012 3707 3882 4188 3809 3430 3051 2903 3194 2922 3301 3123 3272 3651 3272 2893 2581 2368 2282 2661 2282 1903 1524 1145 766 1022 738 901 747 368 -11 -390 -178 -255 -634 -1013 -634 -255 124 503 586 965
100 50
-1291 -1337 -1284 -1337 -1390 -1385 -1400 -1347 -1357 -1366 -1419 -1425 -1372 -1348 -1295 -1348 -1401 -1436 -1423 -1392 -1380 -1327 -1274 -1281 -1295 -1242 -1251 -1205 -1210 -1256 -1309 -1256 -1210 -1263 -1284 -1231 -1178 -1125 -1072 -1106 -1141 -1088 -1036 -1089 -1042 -1095 -1042 -989 -944 -891 -870
100 50
3476 3720 3403 3720 3564 3320 3618 3935 4252 4569 4252 3935 3744 4021 4044 3995 3678 3995 4312 4629 4350 4104 4212 3895 3612 3579 3262 2945 3059 2891 2584 2335 2313 1996 1907 2224 2521 2204 2328 2325 2425 2108 2425 2108 1791 1474 1157 1474 1157 905 752
100 50
1399 1253 1121 1196 1342 1200 1333 1187 1333 1479 1428 1416 1562 1562 1599 1543 1505 1515 1570 1424 1278 1149 1003 1149 1295 1441 1295 1441 1587 1655 1801 1657 1657 1511 1390 1536 1484 1446 1300 1214 1172 1318 1464 1531 1677 1720 1574 1428 1343 1468 1614
100 25
643 433 -103 -840 -315 -124 469 1056 1212 1176 1913 2479 2990 3033 2396 1845 1354 1659 1891 2628 1950 1213 1416 1921 1606 1417 1382 2117 2673 2605 2123 2058 1321 1902 2183 1677 1848 2074 2383 2380 2881 3486 2749 2558 1924 2661 2795 2058 2096 1674 2221 2956 2219 1960 1901 2638 1966 2321 1953 1859 1645 1487 1089 352 1089 1163 426 446 824 956 469 476 674 868 1417 1607
100 25
2151 2062 1843 1545 1233 1052 1485 1028 991 1183 933 700 880 929 935 682 1051 1368 1323 1414 1486 1148 1316 985 1204 1621 1331 1093 934 1075 1395 966 1171 751 294 559 438 628 763 404 366 -91 -479 -466 -673 -762 -850 -724 -554 -614 -1071 -614 -549 -143 173 310 282 364 465 541 733 875 575 624 526 983 1042 973 589 529 986 1443 1606 1310 1608 1770
100 25
-1778 -1630 -1662 -1626 -1591 -1653 -1802 -1671 -1529 -1435 -1517 -1345 -1412 -1244 -1113 -1069 -896 -1064 -1156 -1286 -1375 -1418 -1385 -1378 -1415 -1494 -1469 -1296 -1469 -1331 -1309 -1136 -1094 -1120 -1041 -868 -1033 -882 -877 -1026 -989 -1045 -878 -807 -850 -934 -904 -942 -897 -895 -858 -952 -997 -863 -921 -770 -901 -1051 -994 -1092 -1244 -1199 -1177 -1283 -1307 -1405 -1447 -1441 -1339 -1251 -1205 -1320 -1147 -1281 -1419 -1502
100 25
1228 1116 1072 985 1209 1213 843 567 197 317 -53 317 619 296 592 614 819 452 721 1091 1461 1377 1068 698 1037 1407 1414 1583 1312 1045 1411 1633 2003 2010 2054 2224 1947 1888 1887 1624 1452 1407 1474 1142 865 519 889 920 1176 806 543 278 -92 278 506 310 253 247 346 -24 -164 -159 -32 254 591 813 910 1117 1079 1034 1212 915 823 657 987 1047
100 25
3199 3322 3258 3075 2947 3305 3401 3771 3496 3544 4089 4351 4169 4044 3748 4293 3922 3762 3843 3906 4030 3485 2940 2621 2751 2206 2627 2846 2565 2256 2297 2239 2192 1945 2284 2199 1735 1723 1461 1818 1492 2037 2582 2367 2394 1849 2026 2567 2590 2292 2780 2465 2019 2395 2309 1953 2434 2343 2888 2343 2233 2297 2491 2487 1989 2193 2081 1820 1893 2328 2820 2901 2674 2674 3171 2975
100 25
-675 -678 -685 -677 -664 -657 -659 -651 -651 -642 -640 -633 -627 -632 -648 -632 -642 -649 -656 -653 -658 -665 -664 -658 -673 -663 -654 -663 -666 -672 -675 -682 -692 -697 -708 -724 -739 -743 -732 -730 -745 -739 -723 -721 -735 -728 -728 -737 -743 -741 -738 -731 -722 -711 -718 -727 -717 -719 -720 -704 -700 -686 -679 -681 -669 -662 -668 -676 -672 -667 -679 -681 -665 -665 -668 -675
100 25
765 665 355 588 881 1384 1765 1139 512 1219 1598 1750 1509 1162 1637 2236 1997 1575 1261 1692 1887 1436 1457 1401 1797 1151 1519 2226 2110 1861 1214 1540 2224 2144 2016 1623 2168 2736 2837 3069 2841 2842 3334 3952 3590 4056 4064 4379 4284 4492 5199 4924 4501 4684 5119 5826 5814 5837 6404 6450 7157 6450 6505 6596 6392 6690 6521 5886 5607 5770 5637 6100 6464 6473 5863 5235
100 25
-348 -399 -508 -546 -531 -412 -363 -287 -126 71 -8 19 -193 -225 -69 -69 87 293 382 390 314 468 259 287 288 83 92 236 361 520 308 286 218 249 37 -96 -108 -32 180 -10 -216 -207 -301 -369 -320 -358 -517 -520 -499 -520 -443 -572 -545 -547 -525 -377 -226 -186 -166 -127 -55 142 139 87 299 395 439 385 368 272 194 153 289 421 537 672
100 25
836 939 872 1041 979 1044 983 1043 1019 1132 1082 1221 1029 880 784 753 900 1124 1221 1362 1447 1669 1433 1353 1283 1196 956 1117 877 1031 1114 1343 1281 1451 1338 1399 1386 1475 1535 1609 1546 1617 1500 1471 1240 1129 1085 1213 1061 1171 1368 1535 1450 1486 1334 1355 1252 1473 1322 1514 1468 1582 1733 1847 1898 1948 1837 1850 1935 1926 1880 1722 1662 1779 1795 1604
100 25
2533 2592 2668 2707 2632 2601 2445 2533 2571 2413 2193 2244 2248 2073 2176 2076 2170 2034 2051 2195 2186 2237 2082 1940 1914 1812 1621 1760 1797 1918 1968 2123 2047 1876 1801 1848 2010 1934 2140 2214 2396 2440 2602 2501 2499 2467 2355 2502 2601 2778 2661 2895 2696 2616 2456 2478 2273 2276 2364 2377 2559 2325 2282 2055 2073 2048 2007 1791 1717 1546 1359 1593 1574 1383 1417 1651
100 25
1564 1528 1455 1342 1126 1170 1156 989 925 784 823 711 621 576 512 616 725 620 458 540 684 695 794 751 881 887 1018 945 1102 1207 1189 1306 1512 1596 1709 1493 1696 1904 2013 1989 1823 1715 1876 1878 1893 1732 1788 1572 1483 1457 1394 1204 1134 970 881 1019 963 811 837 724 877 705 681 782 914 980 1125 1170 1187 1193 1367 1466 1490 1442 1449 1296
100 25
1797 1607 1727 1878 1820 1391 1499 1910 1949 1640 1943 2162 2376 2216 2439 2178 2250 2211 2000 2311 2118 2493 2423 2116 2048 2131 2512 2110 2090 1931 2054 1914 1507 1418 1809 1485 1567 1306 1287 1348 1520 1694 1877 2259 2190 2561 2362 1994 2169 2205 1830 1887 2254 2535 2951 2953 3353 3787 3583 3630 3593 3380 3590 3638 3732 3924 3714 3420 3476 3258 3276 3175 3339 3079 3264 3512
100 4
-4451 -4216 -4307 -4077 -4026 -4090 -4047 -4117 -4164 -4177 -3901 -3989 -3706 -3776 -4159 -4135 -4479 -4258 -4122 -4028 -3870 -3981 -3930 -3946 -3835 -3650 -3448 -3420 -3456 -3751 -4061 -4043 -4133 -4134 -3857 -4275 -4214 -3882 -4229 -3863 -3968 -3965 -4040 -4243 -4336 -4598 -4262 -4300 -4338 -4489 -4391 -4100 -3668 -3598 -3640 -3802 -4040 -3769 -4038 -4039 -3838 -3906 -3774 -3589 -3789 -3783 -3891 -3875 -4043 -4364 -4197 -4342 -3926 -3840 -4097 -4257 -4263 -3910 -3954 -3910 -4233 -4256 -4060 -3990 -3955 -4367 -4567 -4638 -4587 -4578 -4402 -4534 -4638 -4448 -4497 -4295 -3966
100 4
-548 -962 854 1176 4118 4656 5176 2425 1060 -2162 -4084 -2599 -4107 -4476 -4959 -6718 -6810 -3634 -3333 -2562 1160 -266 -486 630 -332 -914 1214 1197 2247 2306 3226 980 -399 1614 432 3579 2897 2734 2808 3389 5071 2120 1287 1227 -2234 1301 1997 -1222 -206 -3045 -3402 -842 787 1780 4009 4795 4818 5345 4513 1375 326 909 1042 1919 1704 -192 -2208 -2011 288 -434 224 2333 -768 -56 1073 -235 498 110 -541 -1071 1307 4301 2801 1439 -896 -1029 -37 -268 562 -703 -1098 16 -1542 -3119 -3491 -2910 -444
100 4
2416 2103 2409 3077 2773 2976 2500 2508 3620 4818 4901 3447 2889 1602 3098 3841 2619 4095 2315 3551 3869 2961 3302 1538 2259 3276 4195 3865 3604 2886 3034 3677 3282 4400 4891 5487 5792 3920 3274 3968 2978 4197 4889 3472 4796 3747 3276 4074 4940 6718 5718 6594 6265 5723 6406 6057 5474 5873 6017 6136 7011 5127 4241 2922 2017 3621 3639 3685 4555 4072 5185 4542 3111 2037 1742 2782 3883 4008 3923 3437 3751 4285 4143 3854 2514 1795 721 1687 2333 3396 3369 2391 1451 2214 2801 2862 3114
100 2
-7632 -5675 -4936 -6063 -5428 -3537 -2657 -4078 -5378 -5734 -6537 -6704 -5928 -6747 -6427 -4142 -4992 -5047 -4788 -5224 -5204 -4084 -4203 -4567 -3119 -3488 -4190 -3770 -3037 -4099 -3680 -4348 -5292 -3644 -3315 -3205 -3745 -5698 -6470 -6832 -4689 -2159 -4586 -5565 -3803 -3768 -6024 -5475 -2397 -4431 -6490 -6670 -5799 -3180 -3141 -3862 -3522 -3426 -3227 -5376 -6719 -6180 -6814 -7544 -5430 -4834 -4425 -4894 -4992 -3944 -6317 -7496 -7077 -4184 -5059 -7699 -5329 -5607 -7717 -6717 -6753 -4810 -5200 -6319 -4599 -4547 -3794 -3344 -5790 -4959 -1918 -1957 -2469 -4265 -4160 -3237 -2977 -4273 -4584
100 2
-8210 -8355 -7686 -7450 -7568 -7033 -7856 -8413 -8609 -8479 -7682 -8261 -8402 -8381 -8816 -8258 -8839 -9084 -8042 -7884 -7503 -7885 -8449 -8338 -8860 -8965 -9309 -8566 -7325 -8425 -9538 -9239 -8270 -7860 -8559 -9049 -8696 -8444 -8704 -8232 -7361 -7243 -8199 -8706 -8446 -9030 -8555 -7727 -7864 -7324 -7218 -8629 -8184 -7433 -8313 -7793 -7033 -7071 -7705 -8758 -9571 -9045 -8524 -7666 -8043 -8463 -7996 -7573 -6917 -8394 -8619 -7543 -8263 -8026 -8181 -8331 -7161 -7053 -7974 -8429 -8826 -8499 -8084 -8213 -8176 -8571 -8678 -9270 -8202 -7871 -7912 -8175 -9522 -9113 -8458 -7526 -7560 -9006 -8631
100 2
-216 -427 -2085 143 830 635 -1272 -3617 -3372 -2033 -1551 -1397 -913 -369 -895 -3151 -4040 -1038 2054 -256 -3159 -3703 -1580 678 -848 -2421 -857 -1671 -2573 -1794 -2918 -2668 492 -735 -3999 -1373 1335 1878 2543 807 -932 -835 -1860 -210 607 -359 -178 848 -443 -4192 -4669 -4648 -3467 -136 2012 99 78 2294 -1618 -3240 449 -1020 -3913 -2291 -2438 -4799 -2627 1511 1963 1437 119 -922 113 -1041 -3803 -4713 -2398 -1682 -2589 -3556 -1572 -922 -2623 -2342 -4044 -3860 -2115 -1316 -2749 -946 -1188 -3236 313 -69 -1448 -971 -948 -803 620
100 2
-1314 -595 559 178 -2086 -4254 -1232 1613 773 938 479 75 -396 -1368 394 674 -405 409 1432 -1415 -3586 -1531 -1720 -1914 -1239 -717 519 650 854 -57 -1159 316 -240 -2555 -554 -262 -2729 -1215 1159 -1135 -3560 -2854 -1202 58 -1787 -3292 -2812 -558 -117 -714 -359 -978 -746 -2656 -3930 -1985 -1652 -2785 -3635 -3618 -1526 -1695 -1997 -472 343 -237 -119 103 -827 416 1426 119 -2192 -1160 -1075 -2249 -2117 -492 502 -193 -1747 -4288 -1800 -540 -2679 -1689 -2444 -1554 -216 -215 -845 -1798 -2415 -4067 -4172 -4407 -3338 -2625 -3531
100 2
-6358 -3680 9111 6227 -6785 -9266 4098 7257 -8367 -6126 -5877 3817 1257 6839 1908 -5907 -7441 1079 -1598 9380 -6960 7899 2588 -632 4574 4036 1027 -3372 5660 -5552 6815 8991 -3279 -6617 4284 -1190 5316 1253 5238 -4871 8747 -1126 -1973 -1521 9974 9352 -217 6757 589 -6154 -9291 -7570 -7182 -7062 5386 7902 -5338 3095 -3730 -6932 6627 9637 2118 599 -5365 2338 -6067 -1545 3333 3528 -5030 3864 2540 -1018 -8434 -4367 7650 8211 4423 7898 -1504 -6039 -3157 -2164 -5447 -6622 8967 3478 -6071 -9174 9381 -631 -6638 534 2902 992 -5480 3620 6809
100 2
-6608 -1131 855 3788 9575 4536 3107 3218 -3494 3540 -5165 -3775 8229 3578 2921 -6953 -3202 4295 6253 9901 -1622 -9658 -1616 -3532 -9322 -9442 -3306 -2210 4444 -1863 -3309 5902 6459 -9174 -229 3059 -7659 8932 8150 -1579 -3385 4783 -6076 284 -6818 2508 1215 -1470 3493 -5117 3874 -9805 -8885 32 -4509 -151 2110 624 9195 -1838 4008 4549 -6192 2492 -2170 4499 9927 8850 -328 -5052 1466 -5910 3989 -5676 -1171 -9173 -9805 -5130 -1513 889 7641 2195 8918 2974 4460 -6833 4026 477 -2625 -9079 -7478 8256 5563 -3357 -8486 3884 -5474 664 -6685
100 2
-1420 3179 -5519 8393 -9545 -4166 542 7045 3728 -4095 2566 -2079 -5924 5566 -6434 -2482 4154 7862 -1845 1566 4496 -9492 1686 3427 -1288 2414 2304 8710 -5515 9514 3255 -4743 -3595 -604 -2840 9617 -7116 -9576 -4543 5657 -2112 3231 -9466 -9605 6500 1982 6889 -3742 -8676 5418 704 8758 4578 6490 -2874 1579 -1882 2308 4302 9000 -6139 2309 -3666 -8287 4321 -4512 -6254 6104 752 -6201 -3665 -712 5347 2422 5501 -4305 -4165 -7216 -5119 4062 -9337 2886 -7835 8610 -382 -4527 2663 8298 -4007 -9450 -5393 -6562 -4782 -8404 3332 9697 -4016 2173 7409
100 2
3419 9932 -6184 8944 409 -3414 8496 -462 2795 -1147 5537 -9857 8000 9668 -504 1642 9678 6844 3073 9771 1980 -4249 -6738 -8455 -8536 3842 3902 4726 -1700 -9422 7946 -1440 5845 -695 7596 5245 3291 7582 8954 3231 -8373 -3423 3983 934 7208 -6870 -2847 -4414 3551 5700 -6253 6140 -7077 -7311 2164 5390 -4301 4149 1320 6375 -3581 -8537 -5591 -2318 -3168 -613 -6405 -2458 4362 -7038 1793 8506 6382 6720 7013 -2359 -6612 -4838 -1545 1800 -5043 5635 414 490 64 -3964 -6548 4663 -1895 -177 -4320 -8600 156 8119 9611 -3622 -7708 -6541 -3269
100 5
-7591 -71 1036 9747 -5641 -4581 1127 -6944 -6007 -7589 683 7772 4222 6703 -3478 4485 1952 2182 -1440 831 -4629 7185 4894 -4184 1199 -6748 3557 662 5843 -7428 -9043 -7324 7244 1421 -6022 8416 7618 8098 5456 5330 -4965 -7439 7486 5209 -1696 -880 4050 -3622 -2131 -6830 -9676 -8252 -5073 3012 -4358 -924 7793 -5026 -3498 -6484 -7545 -4790 1597 5198 4333 6642 9714 3269 3965 2307 2529 5731 -3432 -2455 5627 7971 46 56 4431 -9454 3657 -7064 6055 4107 8555 2474 -6012 -6398 200 -6953 5939 3451 -7840 -6631 -4984 -9318
100 5
5185 -5979 6890 1173 -7007 -1289 2176 -4043 -3263 -9461 9818 364 -999 -9179 8128 9185 7791 -3153 2004 3407 3609 6069 -9216 4110 9320 -4111 8954 -2695 -2247 -2039 5222 245 7762 5469 6296 -7365 -8068 2566 -3085 3801 -1931 -4741 5466 -3651 -6645 6728 3699 -2727 -1166 1579 -3560 2272 9628 -2917 4040 -7306 -6676 3505 -8403 7419 4115 -488 9562 -4222 2994 -6949 -6152 -4056 9690 -5448 3116 3510 -9523 8990 -8949 -1717 8047 -4152 -5652 4647 1583 -6947 -3841 -3154 -8393 -9857 -3347 1452 7670 -9350 -7368 -495 -3988 -3537 -4733 8182
100 5
-7775 4703 -7190 -7768 8137 -9616 -4976 -9082 8300 -4738 3080 5711 6303 -6709 1230 -6799 8756 -5791 6029 -8258 -8057 -6091 5134 8782 5684 8004 -4441 -2044 5605 5546 26 2706 8747 -9719 -2489 -9039 -3554 1669 947 2698 8640 5681 -1184 115 5380 -8472 2237 -2997 5099 2271 4236 -9915 4165 6991 5921 9943 4102 -1825 -4275 -5337 9251 -2028 2686 6627 -8202 -7697 -2464 2083 4084 -5527 8130 5125 -2209 6929 1111 1299 -4716 6644 8577 6958 -3627 33 -711 642 1494 -3536 -3672 -8276 -4516 7446 -8397 9493 5123 4895 -8685 8627
100 5
-2414 8937 2502 9637 -2820 -6963 776 8994 7581 -1265 7505 8875 9501 1506 917 4440 -355 2854 -3885 2125 -1663 2140 9827 3294 6838 -8723 55 9167 -6603 -2288 443 -401 -36 7455 1607 -7802 -4066 6530 6954 1264 -812 -4766 6744 3763 -1246 -3958 615 -641 -7059 -8149 -5799 6804 3425 145 407 -5733 -3442 8777 -1494 -2012 -2775 -8836 -112 7641 -5066 4990 3919 4560 -7345 1679 -2557 8750 4030 3250 7092 -6179 1663 -3951 4248 -464 5731 699 6429 8907 -3632 327 -684 930 -554 -3222 -4216 2789 4097 7216 5198 4559
100 10
-7630 -2090 -6 2492 5033 6005 -640 -1823 9726 -6343 2244 8039 -9318 -7869 105 6154 3422 -6077 -7852 4649 1870 -957 -3640 -7146 6415 -9990 -9203 2086 2233 4618 -3356 -1114 1706 -385 -5043 -1416 -5367 -9769 -5379 2795 1254 -1148 2880 2021 8531 8429 -9343 2957 -6900 6413 -6105 9936 2397 -9230 -7022 -9646 -3336 3497 -9927 8565 -832 -3267 7031 -9191 -5127 -5929 3395 -1733 7674 -6429 -9811 -9432 2709 -1578 2315 -149 -2139 5000 -1093 4281 -9775 -8534 5184 -6049 844 -2009 -5686 -9883 -7406 9878 6803
100 10
8719 6526 -2571 -9651 -2220 -6702 -9589 -1816 -2079 7557 -6824 9922 -9778 -4356 9411 -6232 2666 -1094 5995 -5911 5518 -6326 1356 -6542 8608 5977 9393 4468 373 2300 -4703 -112 -9049 1596 -353 -6962 -5920 -3674 -5037 -9178 605 2234 1403 6222 -3118 -2059 3967 -9170 -7283 7070 7114 6523 -9438 -1019 5933 5385 -7220 9598 3795 -3707 2118 -4872 5651 -5799 9240 4178 3476 9403 5111 1404 2257 -2947 3019 7499 2125 894 8798 9133 3754 1379 -5804 -8215 2184 9426 -3988 -8136 -5586 7041 -4804 6913 8154
100 10
-6257 -8923 7146 -4542 -3852 2698 30 -8195 298 -3581 665 6611 -2915 1086 -932 -2072 -1453 7066 -5088 6785 2126 -247 -5651 1765 7165 -8134 -3700 3667 4365 5639 -7826 5212 7358 4533 8059 -352 5884 -6147 1511 -39 -6086 -7933 5268 -973 -3835 -8753 -3246 8772 -9046 -905 5749 -7317 2786 7923 -4499 -595 -7921 9059 -6030 2280 -3989 9265 5528 -4585 7149 6178 -8234 7534 1265 9071 6592 -1720 -4131 -6528 -6191 -912 978 -1678 680 -7226 8612 6388 8409 -603 -1236 -7616 -7011 356 5079 -9890 -237
100 10
7836 2745 4140 -1756 -1942 7001 -7267 -8739 -2965 7729 4355 3269 -789 5688 -7945 6604 2568 5162 3001 -2414 -3809 -5057 -3752 -5685 -7361 416 4968 -9766 4907 2004 560 5234 5535 4753 -3950 1549 8545 -2735 -4707 -1635 -3502 5571 -2224 144 6947 -1842 142 -2862 -1044 -2245 -1340 8215 8384 5717 -2513 4338 1257 931 -8478 -8287 9431 -8583 3781 1824 -1305 9744 3755 -3516 -6189 -7203 -3649 -7996 -4976 9458 -5390 4942 -2241 6200 -6039 -3975 9898 -6438 -1798 7489 2008 2445 -6688 -1059 -8168 -5208 -7103
100 100
942
100 100
-8560
100 100
9926
100 100
-7549
2 2
2670
5 2
-3816 -9831 9374 -6213
10 2
5097 -8910 2519 8339 310 -132 -414 -3097 -380
100 100
-3854
100 2
-10000 10000 -10000 10000 -10000 10000 -10000 10000 -10000 10000 -10000 10000 -10000 10000 -10000 10000 -10000 10000 -10000 10000 -10000 10000 -10000 10000 -10000 10000 -10000 10000 -10000 10000 -10000 10000 -10000 10000 -10000 10000 -10000 10000 -10000 10000 -10000 10000 -10000 10000 -10000 10000 -10000 10000 -10000 10000 -10000 10000 -10000 10000 -10000 10000 -10000 10000 -10000 10000 -10000 10000 -10000 10000 -10000 10000 -10000 10000 -10000 10000 -10000 10000 -10000 10000 -10000 10000 -10000 10000 -10000 10000 -10000 10000 -10000 10000 -10000 10000 -10000 10000 -10000 10000 -10000 10000 -10000 10000 -10000 10000 -10000 10000 -10000
100 10
-10000 10000 -10000 10000 -10000 10000 -10000 10000 -10000 10000 -10000 10000 -10000 10000 -10000 10000 -10000 10000 -10000 10000 -10000 10000 -10000 10000 -10000 10000 -10000 10000 -10000 10000 -10000 10000 -10000 10000 -10000 10000 -10000 10000 -10000 10000 -10000 10000 -10000 10000 -10000 10000 -10000 10000 -10000 10000 -10000 10000 -10000 10000 -10000 10000 -10000 10000 -10000 10000 -10000 10000 -10000 10000 -10000 10000 -10000 10000 -10000 10000 -10000 10000 -10000 10000 -10000 10000 -10000 10000 -10000 10000 -10000 10000 -10000 10000 -10000 10000 -10000 10000 -10000 10000 -10000
100 20
-10000 10000 -10000 10000 -10000 10000 -10000 10000 -10000 10000 -10000 10000 -10000 10000 -10000 10000 -10000 10000 -10000 10000 -10000 10000 -10000 10000 -10000 10000 -10000 10000 -10000 10000 -10000 10000 -10000 10000 -10000 10000 -10000 10000 -10000 10000 -10000 10000 -10000 10000 -10000 10000 -10000 10000 -10000 10000 -10000 10000 -10000 10000 -10000 10000 -10000 10000 -10000 10000 -10000 10000 -10000 10000 -10000 10000 -10000 10000 -10000 10000 -10000 10000 -10000 10000 -10000 10000 -10000 10000 -10000 10000 -10000
100 100
-10000
100 3
-10000 10000 -10000 10000 -10000 10000 -10000 10000 -10000 10000 -10000 10000 -10000 10000 -10000 10000 -10000 10000 -10000 10000 -10000 10000 -10000 10000 -10000 10000 -10000 10000 -10000 10000 -10000 10000 -10000 10000 -10000 10000 -10000 10000 -10000 10000 -10000 10000 -10000 10000 -10000 10000 -10000 10000 -10000 10000 -10000 10000 -10000 10000 -10000 10000 -10000 10000 -10000 10000 -10000 10000 -10000 10000 -10000 10000 -10000 10000 -10000 10000 -10000 10000 -10000 10000 -10000 10000 -10000 10000 -10000 10000 -10000 10000 -10000 10000 -10000 10000 -10000 10000 -10000 10000 -10000 10000 -10000 10000 -10000 10000 -10000 10000
100 11
-10000 10000 -10000 10000 -10000 10000 -10000 10000 -10000 10000 -10000 10000 -10000 10000 -10000 10000 -10000 10000 -10000 10000 -10000 10000 -10000 10000 -10000 10000 -10000 10000 -10000 10000 -10000 10000 -10000 10000 -10000 10000 -10000 10000 -10000 10000 -10000 10000 -10000 10000 -10000 10000 -10000 10000 -10000 10000 -10000 10000 -10000 10000 -10000 10000 -10000 10000 -10000 10000 -10000 10000 -10000 10000 -10000 10000 -10000 10000 -10000 10000 -10000 10000 -10000 10000 -10000 10000 -10000 10000 -10000 10000 -10000 10000 -10000 10000 -10000 10000 -10000 10000 -10000 10000
100 21
-10000 10000 -10000 10000 -10000 10000 -10000 10000 -10000 10000 -10000 10000 -10000 10000 -10000 10000 -10000 10000 -10000 10000 -10000 10000 -10000 10000 -10000 10000 -10000 10000 -10000 10000 -10000 10000 -10000 10000 -10000 10000 -10000 10000 -10000 10000 -10000 10000 -10000 10000 -10000 10000 -10000 10000 -10000 10000 -10000 10000 -10000 10000 -10000 10000 -10000 10000 -10000 10000 -10000 10000 -10000 10000 -10000 10000 -10000 10000 -10000 10000 -10000 10000 -10000 10000 -10000 10000 -10000 10000 -10000 10000
100 99
-10000 10000
100 33
9747 6895 -7326 8683 4004 -1695 -6061 -8071 -8772 -8258 -2981 -1859 -2737 4621 -6438 -4997 -85 7085 -2343 -8106 6336 7024 -6414 2382 1049 7487 -1655 8760 9018 -8152 9435 -4566 901 -9071 -9864 -8012 -7704 -1825 -7177 8575 8458 -5771 5522 -9582 4491 7280 -6200 -4908 1050 -3037 3605 7341 316 4625 -8928 -8593 8100 -8962 -118 2645 -1690 8485 3546 6372 -7519 -9975 4147 7167
100 17
-9269 -6498 6033 -5397 8149 36 -1425 3544 907 4144 9989 -6230 6969 655 6491 7543 -64 -4262 -2888 -3298 -8487 -8079 8379 6807 -3605 -6946 3803 6391 6394 -1395 -5069 4641 8317 6171 -824 5524 -5123 9951 2924 1916 1013 -1574 -2841 -2042 -8433 -4860 -2341 4320 432 -4902 5629 -6521 6176 3028 5694 4109 -4218 6796 -4795 -8812 -793 -7093 -4147 -3782 -9368 -9879 9864 -9076 3286 6963 6726 8232 2111 -1808 2252 7759 -548 -4122 -9724 9322 -6936 -4551 -5658 -7283
100 49
8708 7822 6968 3822 -1772 2452 -8260 -8056 1286 -6597 -9436 8221 -7004 5911 -2824 4128 2457 2555 -2451 -3150 9723 5391 -5867 -8572 -552 -8025 6621 -9092 9038 2750 1567 -4239 6218 -1402 -234 1953 -4097 -2013 702 7461 9200 5337 5250 6451 -673 8954 5875 7904 -1979 -4289 -5656 -632
100 33
-2048 2838 -2278 3237 9641 9702 6403 -369 9496 -2406 8925 4945 -8070 8531 -53 -3014 9996 5741 7878 -570 550 8208 2691 6534 -6857 -1481 -8173 5781 1310 -6117 3094 -8131 -9642 -4836 1808 -5434 6688 -4760 -7740 -7451 -4764 -1871 658 -2515 -6952 -8848 -5471 5067 1982 -1228 -2380 -5527 8375 -7298 -1754 -4208 -6022 2879 -4250 -8930 -9018 7247 -31 4465 -888 -3205 2531 579
100 92
-8105 7761 2080 1914 3747 654 -4620 -8328 -3683
100 97
-6121 845 9710 -2425
100 43
-4737 -9862 2165 5260 -7568 -1881 939 -3880 1283 4139 5732 -139 5413 5068 -3543 3629 7420 -4709 -8975 1282 -8155 7813 8029 -6409 -2186 989 -7569 -3056 -7008 1613 -4823 6539 7825 -8579 2611 -3251 -4844 -4323 3187 -5837 3284 -2013 335 -4629 -4245 9709 -3400 -4456 -4728 -4166 -8849 5258 -9957 -3196 8138 -8521 -3385 -9771
100 87
-2145 1238 -9951 8283 9794 -1942 8846 2139 -3961 3716 -8065 5095 8797 -8123
100 17
-5761 -1623 -427 2979 5207 7309 1982 -3566 6960 -6616 2334 -7924 -4092 -145 -6471 4663 -1897 7007 3248 -4508 8233 -8032 4979 -826 -3229 4634 -3392 -6777 -4639 1065 8355 -5958 4207 -4897 185 6019 2844 7837 -6851 -1095 2298 5307 5538 -6892 -9137 8812 718 -2022 -3816 3115 4065 9657 216 5140 -4186 -2118 -130 -8867 3501 -3786 -3141 -6045 -366 9644 7047 -35 -4606 6844 -3992 8420 9316 -5337 7062 -6042 -9447 8888 -9452 9329 -1812 3442 9402 6278 -4707 -2118
100 57
1096 5438 -427 -7411 -4057 97 1581 1902 -3919 9290 -6750 8029 2765 1723 -2479 6077 9078 -944 -3421 8920 -1424 8735 3550 -6428 -3363 398 1300 886 6627 -4583 740 8929 -359 -6133 7518 4534 8900 -4935 -8010 3237 5354 9474 -6912 -8774
100 53
-4771 4710 -6413 -3330 -664 7172 4439 9991 9004 4221 4439 6672 -7838 -5549 -7890 6720 7387 -3951 2739 26 -8594 -6785 8097 -7820 3070 -1413 5434 6254 -3817 -6317 3774 -4832 9822 8256 1803 3656 -7596 -2378 9591 3528 1925 467 3691 -7551 9752 5751 1156 -7519
100 56
3266 3844 4210 6947 -6614 7971 5421 -5041 8094 3266 -5606 -2429 -1995 -7287 -7000 7925 -9598 4534 -7647 9648 -9728 -5219 -9600 -6382 -3999 9573 4605 7896 -758 1513 -2413 -6846 5463 -4276 8379 -256 5971 -7804 3718 -7054 -3447 -2780 -409 9635 -1010
100 61
5583 4875 -8976 6818 6297 4897 2354 -2034 -5196 -41 7161 -8485 -8320 6388 2230 -3633 4428 -1226 9840 3087 -1888 -5156 -4648 -786 2861 9838 -3413 -6164 -9958 559 -7865 -407 9176 -5146 7205 -7616 8931 4775 8413 1562
100 42
-2782 -6694 7131 5353 -1289 5583 5193 -8284 -3529 -3130 -4474 3192 8500 -8074 2476 -3297 9554 8759 1632 4706 -4283 8806 4309 -7697 5263 -7166 992 -3195 1850 -5806 -5635 8849 -5115 -9430 -9078 -1403 -7878 -7898 -266 949 1749 -8881 -4095 966 3454 -3082 -9188 8674 -8196 -7995 -7630 -474 -9133 1247 -7064 6361 3215 -8842 -4083
100 50
-8289 -9185 -916 9188 -1134 -3877 -7857 6050 9642 9442 -4513 5258 3692 2520 8820 -3132 -4685 -8095 3518 -7574 -6301 -6831 -7718 -5202 3203 -3018 -3697 -4198 2531 -1277 -7798 -9607 540 5706 -5391 -8831 -484 7670 -6663 8097 4330 1747 4123 5061 -4143 2865 4802 -4057 9165 6805 7720
100 31
4663 -9639 -4082 -5779 -2118 996 -4216 -1779 7426 -1964 2047 -4361 -4171 -1477 6391 505 -1378 7499 -8559 5841 1008 3259 8870 -4854 -6879 9855 351 3236 -8614 -2829 4150 7453 -1734 -1177 9168 -9968 -996 9685 7640 -6547 2051 -5944 1454 6932 356 -8032 -8541 -4168 -6377 7764 9666 4888 7201 -6821 -1598 -6210 -2742 -6370 -102 -1360 3998 9115 -8690 -2062 -4307 5633 -6097 -2370 -6091 6049
100 89
6713 -2769 -2490 3982 -6195 -1912 -439 2521 8043 3497 4382 -8218
100 61
-7963 9024 1531 -4583 -6113 -7282 8069 190 -694 3599 -6068 -5409 541 -4046 -3595 8750 5723 9408 2205 2085 5526 -5677 1851 -6294 2026 837 8922 6239 -4527 7559 9962 -914 -3795 -9609 -1117 -5111 -5577 -5546 -8280 -9747
100 92
-2589 6995 -406 3866 -4879 -6005 -1606 -2758 2685
100 3
-2137 1048 -8868 3658 -872 -2878 -332 3833 9267 4513 -406 -8194 6014 -8917 9310 9921 3316 -7916 -96 -6271 9340 -6519 6583 2492 -7126 -3400 3731 -3807 7312 -9592 -6652 -2451 -7824 -1674 -6146 7818 7678 -6294 -387 2282 -9241 9095 2366 1205 -3899 5420 -9176 9296 1150 2026 -5690 2136 5724 2693 4436 -6680 -3448 9575 -4157 -1629 -6772 -2884 5753 9991 4154 1305 -6342 -608 4931 5038 2105 2648 2070 7067 -1128 -9112 -6937 -5069 -3370 -9381 -9353 -3242 -5231 3475 -1717 -3398 -8204 -419 -8400 9622 7496 -5119 -3628 2283 -5482 2953 344 -336
100 69
4636 -8257 1714 -7754 8690 -4922 2102 -973 -27 -2570 4961 4359 -5542 9418 2199 -7223 -850 415 5047 2684 -5695 4028 -4683 3535 -5512 7148 1788 540 5964 9232 2220 3789
100 13
-8554 3277 -9821 -2039 473 823 1878 5036 -2999 8390 -3633 4174 -9948 -6334 -4626 7592 -1788 -312 1493 -7761 -29 -3475 -3359 -8302 -1295 963 7426 -4514 -586 2167 1843 4949 -1385 -99 9058 -1986 9491 8232 -8419 6837 4210 2665 -5167 2468 7397 -7924 8958 7590 248 -1094 -1722 286 2555 -7012 -2518 -7136 -3076 -3691 -369 4945 -5056 -9443 4819 3938 -6778 3866 -2868 -4152 -7518 2251 -2872 -9059 -1412 5771 -5608 9966 -3658 -652 -1517 7564 8789 -7903 6492 4482 5410 -8755 -5911 -7403
100 27
-6977 8180 4115 -7580 2610 8600 -6992 3798 -2439 540 5165 3938 -8364 4741 -8489 -6254 -3136 4616 7477 -9806 8787 -8877 1526 -7231 -9702 5384 -3794 9761 3875 -4485 2582 -6321 7270 -8866 7286 -1811 8733 237 2413 -5142 7913 -7632 -1060 779 1553 -4872 9332 -7507 6994 -9926 3043 9654 7762 -3477 3268 -5698 -757 -6346 1431 -9226 -1785 -9359 -6049 4517 -642 -525 -4664 -895 -1749 6100 -1363 9866 2643 -1899
100 61
-2728 1251 -7913 340 4574 8083 9673 5475 -5479 -1433 8238 -6656 -2234 5961 4668 5001 2199 -5937 4725 4300 -9170 -5352 7815 412 -8098 5325 -8113 -6434 -4392 -6663 7465 -5279 3618 2932 8917 -9186 4333 -3546 7740 -1854
100 40
-7901 -2748 5964 -520 -2105 -3945 1828 -5914 4660 2115 -8317 9700 2614 8107 -1225 -164 1037 -9224 -6059 -2111 -9999 2886 9389 2443 6678 7396 6443 2777 9254 3983 -718 4034 -2205 7348 -9606 -4878 -9775 -782 6572 5826 4703 -7776 -8942 -9085 -9335 365 436 -1647 -9534 -4728 -2942 -1928 -9807 -7173 -2859 5197 2181 2940 -7567 17 -4033
100 28
-6927 -5672 -1421 -2238 -4076 -6055 -9725 -5538 2701 -2004 6204 1772 -1667 3959 8843 2657 6714 -6468 204 -823 6073 -6601 -6521 7065 5833 -2998 735 8120 7070 6288 -8070 -8925 -5167 -2963 1184 2938 -6984 -786 -2357 9363 -3070 2419 -4426 5782 1943 7276 8625 4409 -8862 -4414 2707 8730 8531 14 -1796 -4831 -4399 -439 -9762 -6540 4528 7968 6354 7402 2502 -1484 8015 8226 -2181 3266 -9333 -5567 -3754
100 97
-9395 9884 -7701 -2513
100 21
735 -5958 3540 -5513 -7253 2522 3932 -5422 3592 5933 2202 -2384 -3863 9882 4453 3327 -7659 -1151 5573 -5314 4934 4540 -4611 -3873 5896 4586 5249 2613 9926 -5420 -4004 -1698 8349 3721 -8396 -9301 3071 -5345 3319 -474 -440 -4054 5174 -9983 -2259 -9511 1074 8913 1590 -6671 6730 6595 7720 -5075 7192 2150 2883 1320 -1266 -9517 8559 3442 9910 7508 -4950 -7104 -2190 6635 -734 -4911 -4269 9685 -1117 -4778 1539 -7262 -9069 7881 9635 3270
100 61
-1826 -8970 -3556 5280 -1850 9359 -3088 6671 7875 -10000 3368 -7616 1561 7007 -7696 -4329 -65 -7112 -5171 -931 2042 -9141 -9312 -4150 640 -2735 587 3262 -3062 7917 -3245 -2747 4704 -3233 5012 -7977 -2808 2308 -4436 1199
